   1.7863082e+00   1.7718948e+01  -4.5096666e+00   3.5077826e+02   1.8261663e+01   7.7092039e-02   1.7676663e-03
   2.0157687e+00   1.7327402e+01  -4.6934384e+00   3.5089368e+02   1.6980505e+01   7.6933153e-02   1.5733869e-03
   2.4654669e+00   1.7423773e+01  -4.5946478e+00   3.5036554e+02   1.6641666e+01   7.6955383e-02   1.4885321e-03
   3.2926029e+00   1.6664704e+01  -5.8796442e+00   3.5214015e+02   1.6197523e+01   7.7558561e-02   1.8791350e-03
   4.2303204e+00   1.5885507e+01  -4.9674798e+00   3.5011265e+02   1.7242108e+01   7.7024912e-02   1.6110827e-03
   2.3264919e+00   1.5987232e+01  -5.4490399e+00   3.5175619e+02   1.8567798e+01   7.9574499e-02   2.3697259e-03
   1.2771116e+00   1.7465672e+01  -3.8280442e+00   3.5135489e+02   1.7687422e+01   7.7547500e-02   1.3642248e-03
   2.9675092e+00   1.8545078e+01  -4.8475143e+00   3.5115973e+02   1.7666485e+01   7.6822801e-02   1.6894683e-03
   2.6393074e+00   1.7697215e+01  -5.3202863e+00   3.5141692e+02   1.8261561e+01   7.7859115e-02   2.1275341e-03
   2.6131045e+00   1.7639476e+01  -5.2055357e+00   3.5142555e+02   1.6694407e+01   7.7030072e-02   1.6802625e-03
   2.4558762e+00   1.7353995e+01  -5.3797479e+00   3.5182122e+02   1.6516896e+01   7.7377242e-02   1.7181110e-03
   3.5117445e+00   1.6934369e+01  -4.8247125e+00   3.5071669e+02   1.8641600e+01   7.7474022e-02   1.8141616e-03
   5.3354221e+00   1.7515466e+01  -5.7542750e+00   3.5068843e+02   1.7010249e+01   7.6847999e-02   1.9614232e-03
   4.8905281e+00   1.8354759e+01  -5.6562082e+00   3.4899324e+02   1.5587654e+01   7.6690117e-02   1.7733752e-03
   5.7127264e+00   1.7961258e+01  -6.6763823e+00   3.5142714e+02   1.5911713e+01   7.7296228e-02   2.2382063e-03
   5.6205483e+00   1.8554229e+01  -5.9969087e+00   3.5193698e+02   1.5337550e+01   7.8699384e-02   1.8610493e-03
   4.5777786e+00   1.8368662e+01  -5.2950613e+00   3.4926995e+02   1.7406378e+01   7.6503362e-02   1.9031137e-03
   5.9665081e+00   1.8113557e+01  -5.5047500e+00   3.4783872e+02   1.7423348e+01   7.6596154e-02   2.0363245e-03
   7.0118280e+00   1.7699028e+01  -6.2096054e+00   3.4914162e+02   1.6734530e+01   7.6944404e-02   2.1460030e-03
   8.4906095e+00   1.6872227e+01  -6.6825345e+00   3.4725250e+02   1.6577551e+01   7.7291446e-02   2.3981907e-03
   6.5679820e+00   1.7595378e+01  -5.9171826e+00   3.4738887e+02   1.5218331e+01   7.6922574e-02   1.8276470e-03
   5.6112304e+00   1.7971336e+01  -6.1817285e+00   3.4887874e+02   1.6791364e+01   7.6808746e-02   2.3281441e-03
   5.0171741e+00   1.8537178e+01  -5.7588857e+00   3.5009477e+02   1.7324443e+01   7.6520861e-02   2.0986248e-03
   4.1200053e+00   1.8444396e+01  -5.4945778e+00   3.5026333e+02   1.5201382e+01   7.7005712e-02   1.6302868e-03
   4.2899068e+00   1.9309971e+01  -6.0506907e+00   3.5198542e+02   1.7014787e+01   7.6790523e-02   2.1951309e-03
   2.9236760e+00   1.9239893e+01  -5.0782946e+00   3.5211614e+02   1.6790472e+01   7.7051186e-02   1.6542457e-03
   3.0983192e+00   1.8435246e+01  -5.8128624e+00   3.5146643e+02   1.7573846e+01   7.7689179e-02   2.2791000e-03
   2.7248904e+00   1.8230376e+01  -5.7521171e+00   3.5102682e+02   1.8028461e+01   7.8882196e-02   2.5051801e-03
   2.2349740e+00   1.8009178e+01  -5.0997462e+00   3.5248383e+02   1.6438558e+01   7.7213623e-02   1.5823337e-03
   2.1269269e+00   1.8197096e+01  -4.6626196e+00   3.4935370e+02   1.7160788e+01   7.6974022e-02   1.7645580e-03
   2.6985367e+00   1.7134744e+01  -5.9043547e+00   3.5286088e+02   1.7398175e+01   7.8305219e-02   2.1855443e-03
   3.4259051e+00   1.7893557e+01  -5.8058933e+00   3.5054395e+02   1.6297533e+01   7.7403090e-02   1.9690960e-03
   2.8873373e+00   1.8530551e+01  -4.6084131e+00   3.5079318e+02   1.9458568e+01   7.7775897e-02   1.9708207e-03
   2.3558039e+00   1.8344263e+01  -4.8430497e+00   3.5152371e+02   1.8585124e+01   7.7292041e-02   1.8986867e-03
   2.5956404e+00   1.7269192e+01  -4.6769817e+00   3.4956842e+02   1.6766069e+01   7.6825096e-02   1.6019293e-03
   2.0060000e+00   1.9680248e+01  -5.1092508e+00   3.5083197e+02   1.7045736e+01   7.6981695e-02   1.8786102e-03
   2.1641056e+00   2.0033697e+01  -5.2968951e+00   3.5225150e+02   1.8263034e+01   7.7268075e-02   2.1402782e-03
   4.6436257e+00   2.0502889e+01  -5.4794890e+00   3.4948821e+02   1.4434194e+01   7.8534859e-02   1.7262999e-03
   2.8259950e+00   2.0349945e+01  -4.9598695e+00   3.5125475e+02   1.6610213e+01   7.7039978e-02   1.6678346e-03
   2.8872746e+00   2.0623970e+01  -5.9561741e+00   3.5161726e+02   1.6704929e+01   7.7090399e-02   2.2465819e-03
   3.8103407e+00   2.2181065e+01  -6.1005574e+00   3.5314042e+02   1.6536535e+01   7.7467725e-02   2.2723821e-03
   3.5579954e+00   2.1724271e+01  -5.9287984e+00   3.5432090e+02   1.5620534e+01   7.9349614e-02   2.0031726e-03
   4.6310228e+00   2.1390976e+01  -6.5565070e+00   3.5135706e+02   1.5794824e+01   7.6878551e-02   2.3840703e-03
   4.3590085e+00   2.1101724e+01  -6.6050536e+00   3.5061194e+02   1.6055514e+01   7.7293251e-02   2.5731240e-03
   3.1697307e+00   2.0389598e+01  -4.9175898e+00   3.5182061e+02   1.6728295e+01   7.7785330e-02   1.6493904e-03
   3.9251398e+00   2.0594176e+01  -5.8765708e+00   3.5197344e+02   1.8262590e+01   7.7064568e-02   2.4924458e-03
   3.8725881e+00   1.9743080e+01  -5.6627721e+00   3.5064822e+02   1.6234841e+01   7.6501227e-02   1.8982612e-03
   3.0727178e+00   1.8033526e+01  -5.2049987e+00   3.5126542e+02   1.7891744e+01   7.7032046e-02   1.9062705e-03
   2.7169399e+00   1.9886218e+01  -4.4406212e+00   3.5125927e+02   1.7322380e+01   7.7923293e-02   1.5284570e-03
   4.6856244e+00   1.9867355e+01  -5.5760350e+00   3.4960944e+02   1.5777263e+01   7.6802022e-02   1.8162355e-03
   4.4067847e+00   2.0433303e+01  -6.0255707e+00   3.5224786e+02   1.5864037e+01   7.7201030e-02   1.9961802e-03
   4.4562511e+00   1.8842083e+01  -6.1803976e+00   3.5126186e+02   1.7186733e+01   7.6877908e-02   2.3553367e-03
   4.5593481e+00   1.9102767e+01  -5.2254951e+00   3.5163615e+02   1.7388450e+01   7.8461807e-02   1.8034589e-03
   4.5626953e+00   1.6827507e+01  -5.7741611e+00   3.4955180e+02   1.4945410e+01   7.7380522e-02   1.6732433e-03
   3.9641626e+00   1.5095812e+01  -4.8384545e+00   3.4739882e+02   1.7897347e+01   7.8044661e-02   2.0101009e-03
   2.8748500e+00   1.7370943e+01  -4.7373866e+00   3.4886916e+02   1.9708353e+01   7.9464440e-02   2.5033919e-03
   2.5341295e+00   1.5941039e+01  -4.8278932e+00   3.5072218e+02   1.6263222e+01   7.7431863e-02   1.4715430e-03
   3.7320179e+00   1.7592530e+01  -5.0787664e+00   3.5219639e+02   1.7340228e+01   7.7940196e-02   1.6818017e-03
   3.4986870e+00   1.8173550e+01  -4.9469618e+00   3.5004744e+02   1.6517079e+01   7.6670745e-02   1.5931473e-03
   4.0519515e+00   1.7377035e+01  -5.2179529e+00   3.4886728e+02   1.6110278e+01   7.6812962e-02   1.6770650e-03
   4.2582088e+00   1.7377587e+01  -5.6255391e+00   3.4967468e+02   1.4398669e+01   7.7850702e-02   1.5717479e-03
   5.3176146e+00   1.7173053e+01  -5.5310103e+00   3.4931475e+02   1.7450004e+01   7.6601666e-02   1.9719769e-03
   6.2529979e+00   1.6459490e+01  -6.5062299e+00   3.4917009e+02   1.6305602e+01   7.7464781e-02   2.2684838e-03
   4.8873094e+00   1.7395734e+01  -6.0551759e+00   3.4909772e+02   1.6804957e+01   7.7390019e-02   2.2880002e-03
   4.5883766e+00   1.8995165e+01  -5.7449505e+00   3.5108885e+02   1.7463374e+01   7.6715476e-02   2.1058875e-03
   5.8225303e+00   1.8148184e+01  -7.0620813e+00   3.4998390e+02   1.5982253e+01   7.8259526e-02   2.6690327e-03
   5.5239136e+00   1.9099663e+01  -6.1979955e+00   3.5037715e+02   1.5897832e+01   7.6557031e-02   2.0479951e-03
   6.0172903e+00   1.9740802e+01  -6.4168822e+00   3.5046375e+02   1.6630461e+01   7.6729009e-02   2.3609055e-03
   5.7315642e+00   1.9556161e+01  -5.6459267e+00   3.4914461e+02   1.6055336e+01   7.7112155e-02   1.8439305e-03
   5.9767479e+00   1.9118951e+01  -7.0809817e+00   3.5079046e+02   1.5653405e+01   7.7418578e-02   2.5199902e-03
   6.2378518e+00   1.9319337e+01  -6.1954646e+00   3.4968007e+02   1.6247850e+01   7.6714494e-02   2.1221552e-03
   5.4506562e+00   1.9753507e+01  -6.3724544e+00   3.5131307e+02   1.6178208e+01   7.6831105e-02   2.2142488e-03
   5.1219903e+00   1.8936907e+01  -5.8100851e+00   3.5001820e+02   1.6673911e+01   7.6461422e-02   1.9930012e-03
   5.5047784e+00   1.8224848e+01  -5.6485880e+00   3.4832933e+02   1.6258204e+01   7.6512645e-02   1.8810336e-03
   4.3381308e+00   1.8718077e+01  -5.7526253e+00   3.4975113e+02   1.7622648e+01   7.6912135e-02   2.2907981e-03
   4.3250228e+00   1.8476079e+01  -5.9874133e+00   3.5026151e+02   1.7108678e+01   7.6964945e-02   2.2748973e-03
   3.6069281e+00   1.7836439e+01  -5.3749390e+00   3.5418481e+02   1.6785730e+01   8.0552548e-02   1.7915437e-03
   1.9812200e+00   1.7403199e+01  -4.5849078e+00   3.5108510e+02   1.7027410e+01   7.6950302e-02   1.5195652e-03
   2.0951400e+00   1.6219084e+01  -3.9452974e+00   3.5010101e+02   1.8418162e+01   7.7193580e-02   1.5161104e-03
   2.4620035e+00   1.8754542e+01  -4.6267687e+00   3.5062261e+02   1.6568781e+01   7.6982402e-02   1.5100680e-03
   2.6182551e+00   1.8444258e+01  -5.0703973e+00   3.5170210e+02   1.6502257e+01   7.6877196e-02   1.6027636e-03
   2.4218842e+00   2.0765902e+01  -5.9020201e+00   3.5177083e+02   1.6033831e+01   7.7239057e-02   2.0981408e-03
   3.1618085e+00   1.9779238e+01  -5.6023725e+00   3.5244924e+02   1.6113942e+01   7.6926268e-02   1.7971522e-03
   3.6721568e+00   1.8612660e+01  -4.6765941e+00   3.5255758e+02   1.7477063e+01   8.0527283e-02   1.5941260e-03
   3.0770986e+00   1.9056339e+01  -5.1562979e+00   3.5204606e+02   1.6231266e+01   7.7155455e-02   1.6137606e-03
   1.0623922e+00   1.8050457e+01  -4.1846361e+00   3.5270876e+02   1.7208171e+01   7.7820224e-02   1.3821105e-03
   2.2206710e+00   1.7772725e+01  -4.9701602e+00   3.5185602e+02   1.7812016e+01   7.7216483e-02   1.7677363e-03
   2.9331589e+00   1.8050866e+01  -5.5165294e+00   3.5047463e+02   1.6721014e+01   7.7305059e-02   1.9462812e-03
   2.5060755e+00   1.9755438e+01  -5.1534584e+00   3.5194359e+02   1.7100462e+01   7.6715396e-02   1.7754950e-03
   1.2276294e+00   1.9242057e+01  -4.9758966e+00   3.5238372e+02   1.6973432e+01   7.7148165e-02   1.6977436e-03
   2.5896691e+00   1.9410823e+01  -5.1310901e+00   3.5093480e+02   1.8481219e+01   7.7302252e-02   2.1521302e-03
   3.2779392e+00   1.9173533e+01  -5.4128174e+00   3.5018284e+02   1.7319352e+01   7.6781379e-02   2.0449982e-03
   2.9572076e+00   1.9457412e+01  -5.0819079e+00   3.5253686e+02   1.7405202e+01   7.7355295e-02   1.7426115e-03
   3.2319088e+00   1.9839864e+01  -5.8654728e+00   3.5297841e+02   1.5634863e+01   7.7258981e-02   1.8392368e-03
   1.8586647e+00   1.9066581e+01  -4.7844113e+00   3.5380187e+02   1.8286820e+01   7.8222495e-02   1.7327841e-03
   1.6507369e+00   1.8106541e+01  -4.5444265e+00   3.5160596e+02   1.7843983e+01   7.6974234e-02   1.6328951e-03
   2.2847797e+00   1.9083476e+01  -4.1804960e+00   3.5145738e+02   1.7220132e+01   7.8202907e-02   1.4100072e-03
   1.6360364e+00   1.8274870e+01  -4.8262799e+00   3.5204861e+02   1.7630234e+01   7.7070516e-02   1.7111042e-03
   2.1826182e+00   1.9024286e+01  -5.5892489e+00   3.5319291e+02   1.7725350e+01   7.7645713e-02   2.0855747e-03
   1.9262664e+00   1.7897346e+01  -5.0122282e+00   3.5182490e+02   1.8157100e+01   7.7582727e-02   1.9206010e-03
   1.3056408e+00   1.7859524e+01  -4.9645413e+00   3.4927032e+02   1.6032174e+01   7.8375553e-02   1.8810576e-03
   2.1972615e+00   1.8476848e+01  -5.2572267e+00   3.5147759e+02   1.7183893e+01   7.7143958e-02   1.8703650e-03
   2.2806499e+00   1.7973663e+01  -4.9048037e+00   3.5009878e+02   1.8557428e+01   7.7988024e-02   2.1463367e-03
   3.1535521e+00   1.7149996e+01  -4.6691089e+00   3.4993578e+02   1.7399282e+01   7.6779723e-02   1.5949666e-03
   3.9497938e+00   1.6054435e+01  -6.0855658e+00   3.5189276e+02   1.6936149e+01   7.7841693e-02   2.1465176e-03
   4.2951188e+00   1.7121065e+01  -6.3746037e+00   3.5169938e+02   1.6711923e+01   7.7791325e-02   2.3024759e-03
   3.8730044e+00   1.7542449e+01  -6.0487159e+00   3.5182613e+02   1.7064328e+01   7.7383248e-02   2.1854880e-03
   3.3388624e+00   1.8254548e+01  -5.5027820e+00   3.4954991e+02   1.7142667e+01   7.7382278e-02   2.1166033e-03
   3.6387888e+00   1.8303497e+01  -4.5134539e+00   3.4931039e+02   1.9380691e+01   7.7650142e-02   1.9497100e-03
   3.8408217e+00   1.7777799e+01  -5.3386764e+00   3.4963624e+02   1.6337194e+01   7.6702735e-02   1.7341164e-03
   4.9318652e+00   1.8479309e+01  -5.6279336e+00   3.4873884e+02   1.6865261e+01   7.6503529e-02   2.0240433e-03
   4.9522715e+00   1.8367088e+01  -5.4960244e+00   3.5092710e+02   1.6409836e+01   7.7259206e-02   1.7611657e-03
   4.7599598e+00   1.8184468e+01  -6.1050998e+00   3.4987349e+02   1.6250405e+01   7.6847291e-02   2.1095846e-03
   4.2269457e+00   1.9124551e+01  -5.4166592e+00   3.5131349e+02   1.6926017e+01   7.6961885e-02   1.8163490e-03
   4.2706051e+00   1.8933411e+01  -5.3658092e+00   3.4823775e+02   1.8882650e+01   7.8012636e-02   2.6598220e-03
   3.9137105e+00   2.0014714e+01  -5.8795524e+00   3.5056354e+02   1.7667105e+01   7.6963819e-02   2.4156210e-03
   4.5619314e+00   1.9517065e+01  -5.4427838e+00   3.5037033e+02   1.8084868e+01   7.6894324e-02   2.1093719e-03
   5.3616858e+00   1.9127325e+01  -5.8133792e+00   3.4966813e+02   1.7777603e+01   7.6645119e-02   2.2842379e-03
   4.7307148e+00   1.9682279e+01  -6.4526034e+00   3.5133995e+02   1.5703813e+01   7.6801519e-02   2.1738042e-03
   5.4343507e+00   1.8972144e+01  -5.8202287e+00   3.4984753e+02   1.7507776e+01   7.6616973e-02   2.1885430e-03
   4.5830529e+00   1.9670344e+01  -6.7085773e+00   3.5058524e+02   1.6017491e+01   7.7531528e-02   2.5536904e-03
   5.1962740e+00   2.0308379e+01  -6.7351924e+00   3.5053229e+02   1.7117565e+01   7.7133185e-02   2.9199386e-03
   4.7003187e+00   1.8354936e+01  -5.9222637e+00   3.5111445e+02   1.7610221e+01   7.6836113e-02   2.2433971e-03
   4.6585768e+00   1.7668451e+01  -5.6583552e+00   3.4889374e+02   1.6352645e+01   7.6759695e-02   1.9155951e-03
   5.7445638e+00   1.8924191e+01  -5.4238938e+00   3.4971687e+02   1.7496728e+01   7.7664338e-02   1.9198801e-03
   6.6937389e+00   1.9584284e+01  -5.8249279e+00   3.4823459e+02   1.7737745e+01   7.7277792e-02   2.2898335e-03
   6.0126553e+00   1.8543411e+01  -6.8552804e+00   3.5036433e+02   1.6442067e+01   7.7281001e-02   2.5780653e-03
   5.2993804e+00   1.9693453e+01  -6.2353415e+00   3.4977526e+02   1.6373845e+01   7.6521945e-02   2.2521648e-03
   7.0241472e+00   1.7994168e+01  -6.5707196e+00   3.4834088e+02   1.5427210e+01   7.6811380e-02   2.1467900e-03
   7.3679105e+00   1.7365158e+01  -6.5216362e+00   3.4803556e+02   1.5178168e+01   7.6938256e-02   2.0343051e-03
   7.6014448e+00   1.7869845e+01  -6.3636079e+00   3.4671874e+02   1.7004740e+01   7.6943671e-02   2.5061991e-03
   5.1021022e+00   1.8357275e+01  -5.2630497e+00   3.4842879e+02   1.6293003e+01   7.6679786e-02   1.7209336e-03
   6.1741393e+00   1.9406209e+01  -5.8261749e+00   3.4977961e+02   1.6115936e+01   7.7568664e-02   1.9078353e-03
   4.6195992e+00   1.7576311e+01  -6.3443865e+00   3.4922829e+02   1.6093387e+01   7.8188621e-02   2.3606669e-03
   4.4627966e+00   1.6858847e+01  -4.4337255e+00   3.4818281e+02   1.8301197e+01   7.7146572e-02   1.6682076e-03
   5.1151936e+00   1.6914190e+01  -4.0899346e+00   3.4760897e+02   1.7401606e+01   7.9116786e-02   1.4343323e-03
   6.0783857e+00   1.7580593e+01  -6.0446691e+00   3.4820157e+02   1.6012484e+01   7.6576909e-02   2.0261790e-03
   6.6585343e+00   2.0060094e+01  -6.2309373e+00   3.4896698e+02   1.6224360e+01   7.7024602e-02   2.1853946e-03
   4.4821006e+00   1.8531715e+01  -5.7041593e+00   3.5031508e+02   1.7961149e+01   7.6812673e-02   2.2664118e-03
   4.9981337e+00   1.8444010e+01  -6.0499114e+00   3.5006267e+02   1.7824394e+01   7.6934936e-02   2.4988341e-03
   5.9982235e+00   1.8726059e+01  -6.2642082e+00   3.4995124e+02   1.4664423e+01   7.7086252e-02   1.8707083e-03
   5.2790176e+00   1.8211951e+01  -5.5415244e+00   3.4935228e+02   1.8071023e+01   7.6749995e-02   2.1633229e-03
   4.3439110e+00   1.6928583e+01  -5.0388992e+00   3.4861097e+02   1.6647678e+01   7.6700545e-02   1.6585495e-03
   3.7387181e+00   1.7221925e+01  -4.5232308e+00   3.4805103e+02   1.6634883e+01   7.6976622e-02   1.5582355e-03
   3.0098900e+00   1.7867218e+01  -4.5701709e+00   3.4877765e+02   1.6894668e+01   7.6748796e-02   1.6233553e-03
   2.5492831e+00   1.7214148e+01  -5.4771617e+00   3.5089473e+02   1.7015421e+01   7.7958022e-02   1.9716994e-03
   4.7156585e+00   1.8873295e+01  -5.9401876e+00   3.5096229e+02   1.8571747e+01   7.7245298e-02   2.6006416e-03
   4.9594204e+00   1.8955461e+01  -5.5170147e+00   3.4828133e+02   1.7666813e+01   7.6797790e-02   2.2071204e-03
   5.5128091e+00   1.8471496e+01  -6.0349840e+00   3.4886820e+02   1.6311720e+01   7.6537677e-02   2.1027237e-03
   5.6717677e+00   1.8727585e+01  -5.8145727e+00   3.5023722e+02   1.7354546e+01   7.6918901e-02   2.1067563e-03
   3.5753829e+00   1.9922203e+01  -5.5044436e+00   3.5044298e+02   1.7313564e+01   7.6567762e-02   2.0755540e-03
   3.2994644e+00   1.9132425e+01  -4.7980867e+00   3.5054855e+02   1.6718913e+01   7.6992174e-02   1.5785843e-03
   3.2481788e+00   1.9164957e+01  -6.4394408e+00   3.5360773e+02   1.5723173e+01   7.7881608e-02   2.1231474e-03
   3.9864413e+00   1.9667772e+01  -5.8090063e+00   3.5207209e+02   1.7391657e+01   7.6871679e-02   2.1402455e-03
   3.6444846e+00   2.0830773e+01  -6.3945886e+00   3.5215204e+02   1.7447240e+01   7.7306095e-02   2.7283184e-03
   3.4501629e+00   2.1160971e+01  -5.1052257e+00   3.5090327e+02   1.5397227e+01   7.8368261e-02   1.6831938e-03
   4.7364905e+00   2.0572433e+01  -6.2611162e+00   3.5203635e+02   1.6153380e+01   7.6966335e-02   2.1830048e-03
   5.5340747e+00   1.9693678e+01  -6.2959829e+00   3.5138224e+02   1.7349626e+01   7.7084588e-02   2.4501964e-03
   4.5966360e+00   1.9554236e+01  -5.4988722e+00   3.5059419e+02   1.6093288e+01   7.6967150e-02   1.7665325e-03
   4.4479217e+00   2.0040635e+01  -6.2308403e+00   3.5090911e+02   1.6252813e+01   7.6620274e-02   2.2174146e-03
   4.4375990e+00   1.8268185e+01  -5.2215840e+00   3.4923255e+02   1.5418442e+01   7.7068628e-02   1.5932821e-03
   4.8935453e+00   1.9785214e+01  -5.9373832e+00   3.5059466e+02   1.6894274e+01   7.6531327e-02   2.1404003e-03
   5.1649927e+00   1.9418666e+01  -5.8465824e+00   3.4953531e+02   1.6383391e+01   7.6479965e-02   2.0019589e-03
   4.3866810e+00   1.8575477e+01  -5.8412182e+00   3.5020997e+02   1.6436088e+01   7.6592129e-02   1.9829147e-03
   2.7578804e+00   1.7692734e+01  -4.9097596e+00   3.5267027e+02   1.8513336e+01   7.7948703e-02   1.7959462e-03
   3.0384670e+00   1.8421176e+01  -5.4867779e+00   3.5258341e+02   1.6784064e+01   7.7068254e-02   1.7954511e-03
   4.3205254e+00   1.7909754e+01  -5.5390912e+00   3.5266656e+02   1.6879202e+01   7.8258480e-02   1.8439401e-03
   2.6303005e+00   1.6913837e+01  -5.0287810e+00   3.5127269e+02   1.8084620e+01   7.7532537e-02   1.8597403e-03
   3.8976204e+00   1.6842825e+01  -5.3287688e+00   3.5021538e+02   1.6694244e+01   7.6809016e-02   1.7231620e-03
   3.3565905e+00   1.7275243e+01  -4.6985918e+00   3.5072820e+02   1.7157345e+01   7.7130807e-02   1.5169010e-03
   4.0649984e+00   1.6327677e+01  -5.1619891e+00   3.5090252e+02   1.7527227e+01   7.7085583e-02   1.7362660e-03
   4.4111270e+00   1.7911592e+01  -6.2850700e+00   3.4801507e+02   1.4846480e+01   7.8916429e-02   2.1920175e-03
   4.5171151e+00   1.9051921e+01  -5.1273130e+00   3.4892660e+02   1.7334918e+01   7.6551174e-02   1.8599828e-03
   4.1401014e+00   1.8011278e+01  -5.1251118e+00   3.5028889e+02   1.7541922e+01   7.6737387e-02   1.7743539e-03
   4.3893058e+00   1.8921620e+01  -6.1941955e+00   3.5122055e+02   1.6805516e+01   7.6818995e-02   2.2658737e-03
   4.6178300e+00   2.0147017e+01  -5.8984090e+00   3.5028681e+02   1.7461245e+01   7.6597042e-02   2.3214686e-03
   4.8143025e+00   1.9121395e+01  -6.1142081e+00   3.4995756e+02   1.8060668e+01   7.7275026e-02   2.7026848e-03
   4.8205611e+00   1.8542508e+01  -5.9366512e+00   3.4885084e+02   1.6062132e+01   7.6840943e-02   2.0548954e-03
   5.1261492e+00   1.7394884e+01  -6.0940401e+00   3.5016747e+02   1.7517459e+01   7.7129616e-02   2.3696647e-03
   5.1381382e+00   1.7015983e+01  -5.2142905e+00   3.5067906e+02   1.7335215e+01   7.7800724e-02   1.7380647e-03
   3.3118359e+00   1.7544550e+01  -5.3720429e+00   3.5056844e+02   1.5565054e+01   7.7157392e-02   1.5992630e-03
   2.3563994e+00   1.6860234e+01  -4.7536333e+00   3.4956487e+02   1.7956805e+01   7.7604984e-02   1.9160538e-03
   4.0932739e+00   1.8942800e+01  -5.5704026e+00   3.4849487e+02   1.6767487e+01   7.6996328e-02   2.1302263e-03
   4.7996481e+00   1.7345672e+01  -5.4388083e+00   3.4861354e+02   1.7561264e+01   7.6786214e-02   2.0716792e-03
   5.0730409e+00   1.8139097e+01  -4.8080787e+00   3.4967939e+02   1.7081148e+01   7.8377715e-02   1.5828628e-03
   5.6238581e+00   1.6699084e+01  -5.5529662e+00   3.5010403e+02   1.7084642e+01   7.6997848e-02   1.8543769e-03
   6.8265534e+00   1.6769077e+01  -4.6724546e+00   3.4601530e+02   1.7668089e+01   7.8104543e-02   1.6843923e-03
   7.0116686e+00   1.7001312e+01  -6.3877779e+00   3.4917187e+02   1.5097226e+01   7.7106105e-02   1.9054637e-03
   6.6847078e+00   1.6383681e+01  -6.3679328e+00   3.4747710e+02   1.6309851e+01   7.7537226e-02   2.3086067e-03
   6.0664310e+00   1.7261919e+01  -5.5182216e+00   3.4954826e+02   1.6434501e+01   7.7251504e-02   1.7566317e-03
   5.8576829e+00   1.7012614e+01  -5.5678985e+00   3.4921325e+02   1.8097101e+01   7.6977591e-02   2.1162876e-03
   5.7366100e+00   1.7174794e+01  -5.5482953e+00   3.4841362e+02   1.8013552e+01   7.6791930e-02   2.1779373e-03
   6.2475743e+00   1.7937951e+01  -6.3470264e+00   3.5030776e+02   1.5819075e+01   7.6854950e-02   2.0471208e-03
   5.2421347e+00   1.7790414e+01  -6.2986996e+00   3.5100607e+02   1.6170594e+01   7.6804251e-02   2.1046720e-03
   6.0073354e+00   1.8312897e+01  -6.9163023e+00   3.5090568e+02   1.7721835e+01   7.7998710e-02   3.0687332e-03
   4.6458072e+00   1.8144754e+01  -6.1607069e+00   3.5056143e+02   1.7157968e+01   7.7067230e-02   2.3534930e-03
   5.1326375e+00   1.8339214e+01  -5.4183013e+00   3.5023323e+02   1.6008483e+01   7.7244219e-02   1.6838496e-03
   4.4797659e+00   1.9118412e+01  -5.7153158e+00   3.4963136e+02   1.5856228e+01   7.6570151e-02   1.8607654e-03
   3.7855590e+00   1.9145412e+01  -6.1587500e+00   3.4981138e+02   1.5858449e+01   7.7686491e-02   2.2144087e-03
   3.9348385e+00   2.0302324e+01  -5.5304481e+00   3.4874305e+02   1.6939323e+01   7.6934692e-02   2.2228172e-03
