   1.6100387e+01   1.4556819e+01  -1.3690564e-01   2.2951870e+02   5.5923721e+01   2.4085008e-01   6.2848446e-03
   1.6852621e+01   1.5185311e+01  -4.5258007e-01   2.2893179e+02   5.6327346e+01   2.2208684e-01   8.5833168e-03
   1.5970343e+01   1.5347674e+01  -4.3987428e-01   2.2790575e+02   5.5911552e+01   2.2094723e-01   8.5368132e-03
   1.5972403e+01   1.5737671e+01  -8.2196319e-01   2.2786422e+02   5.5876164e+01   2.2490602e-01   9.2983599e-03
   1.6764262e+01   1.4918010e+01  -5.3924187e-02   2.2923604e+02   5.5157049e+01   2.2088054e-01   7.3633376e-03
   1.6386032e+01   1.4241801e+01   2.8835434e-01   2.2934164e+02   5.3169160e+01   3.3846605e-01   3.9704103e-03
   1.6711635e+01   1.4797040e+01  -5.1059465e-01   2.2846931e+02   5.4739724e+01   2.5022509e-01   7.4208130e-03
   1.6494806e+01   1.5140379e+01   3.0739602e-01   2.2827075e+02   5.4313440e+01   2.6457483e-01   6.7541515e-03
   1.7009824e+01   1.5053590e+01  -6.4476029e-02   2.2842874e+02   5.4677580e+01   2.2981707e-01   6.8320654e-03
   1.6457938e+01   1.5313682e+01   3.5938535e-01   2.2825374e+02   5.3572638e+01   2.3155134e-01   7.8004180e-03
   1.6042370e+01   1.4758551e+01   4.8995541e-02   2.2913731e+02   5.3579956e+01   2.9277339e-01   7.7755373e-03
   1.6190514e+01   1.4406288e+01   2.0788660e-01   2.2928414e+02   5.5911239e+01   2.2261563e-01   8.5552068e-03
   1.5975433e+01   1.4520018e+01   3.0481377e-01   2.2835917e+02   5.6626726e+01   2.3602051e-01   8.2167078e-03
   1.6297444e+01   1.4366387e+01   3.5454315e-02   2.2773534e+02   5.6004562e+01   2.2409255e-01   8.5816252e-03
   1.6046388e+01   1.4649034e+01   1.6228294e-01   2.2839451e+02   5.6000828e+01   2.4052429e-01   7.9780016e-03
   1.5969684e+01   1.4587617e+01  -1.9375303e-01   2.2947910e+02   5.5506957e+01   2.4499458e-01   5.9364298e-03
   1.6048553e+01   1.4324273e+01  -3.3409609e-01   2.2830887e+02   5.5673572e+01   2.3943879e-01   7.3680527e-03
   1.5478191e+01   1.4532237e+01  -5.7934736e-01   2.2911742e+02   5.5846969e+01   2.3438894e-01   6.7822350e-03
   1.6066187e+01   1.4127607e+01  -2.4573053e-01   2.2956468e+02   5.5072021e+01   2.2132198e-01   7.5813841e-03
   1.5990862e+01   1.4837173e+01   2.8195961e-01   2.2786769e+02   5.5768236e+01   2.2570750e-01   7.0891293e-03
   1.5640581e+01   1.4902707e+01   3.4556405e-01   2.2895794e+02   5.5394413e+01   2.2646075e-01   6.7182918e-03
   1.6519349e+01   1.4971962e+01  -5.2792393e-01   2.2834515e+02   5.4866304e+01   2.3742458e-01   7.6959128e-03
   1.6186875e+01   1.5171908e+01  -6.0965594e-01   2.2859966e+02   5.5129527e+01   2.2065898e-01   8.8799286e-03
   1.6527539e+01   1.4803936e+01  -1.1377464e+00   2.2997933e+02   5.4899670e+01   2.2997007e-01   9.8564313e-03
   1.5803523e+01   1.4709602e+01  -6.8312073e-01   2.2804639e+02   5.5577383e+01   2.3632742e-01   8.7403915e-03
   1.6021682e+01   1.5347787e+01  -3.9496950e-01   2.2805431e+02   5.5859246e+01   2.2107009e-01   8.2249534e-03
   1.6134778e+01   1.5236218e+01  -7.5151654e-01   2.2883142e+02   5.5895802e+01   2.2488157e-01   8.9683644e-03
   1.6271760e+01   1.4931013e+01  -6.1206680e-01   2.2898208e+02   5.3945724e+01   2.2166393e-01   8.6508434e-03
   1.6571380e+01   1.4733218e+01   1.8622226e-01   2.2812428e+02   5.4042971e+01   2.3403041e-01   6.5602884e-03
   1.6124740e+01   1.4708298e+01  -2.6675475e-01   2.2791045e+02   5.4525736e+01   2.3805519e-01   6.9526769e-03
   1.5591164e+01   1.4778922e+01  -5.2801137e-01   2.2789556e+02   5.6056253e+01   2.2477220e-01   9.1448791e-03
   1.5785587e+01   1.4633994e+01  -8.7684626e-02   2.2926297e+02   5.5891383e+01   2.5590981e-01   5.2648106e-03
   1.6297267e+01   1.4732949e+01  -2.6805190e-01   2.2944600e+02   5.6396825e+01   2.3251325e-01   7.4352524e-03
   1.6295651e+01   1.4206827e+01  -2.1605955e-01   2.2859512e+02   5.5271668e+01   2.3963530e-01   7.0012188e-03
   1.6211905e+01   1.4809277e+01   1.0469405e-01   2.2877928e+02   5.7032787e+01   2.9083656e-01   4.5326444e-03
   1.6145952e+01   1.4784112e+01  -3.4010864e-01   2.2830791e+02   5.5400371e+01   2.2423020e-01   7.8590712e-03
   1.6109345e+01   1.5111335e+01  -1.3247956e-01   2.2905356e+02   5.5990158e+01   2.5479731e-01   5.7153552e-03
   1.6464541e+01   1.5267775e+01  -9.5440100e-01   2.2987869e+02   5.5490959e+01   2.4915256e-01   7.9942642e-03
   1.6378230e+01   1.5311663e+01  -4.3578686e-01   2.2852732e+02   5.4975939e+01   2.1959069e-01   8.4601752e-03
   1.6989902e+01   1.5295862e+01  -9.0348456e-01   2.2959919e+02   5.4662805e+01   2.2510910e-01   9.9769390e-03
   1.7466356e+01   1.5723363e+01  -2.7180228e-01   2.2774802e+02   5.5580714e+01   2.5459953e-01   8.1130103e-03
   1.7114916e+01   1.5955516e+01   1.9990348e-01   2.2930161e+02   5.4802705e+01   2.5646754e-01   6.5270671e-03
   1.7599335e+01   1.5593952e+01  -2.1084922e-01   2.2854065e+02   5.5768605e+01   2.3007204e-01   8.2232347e-03
   1.7334647e+01   1.5611687e+01  -4.8393031e-01   2.2869749e+02   5.6005694e+01   2.2676929e-01   8.7514946e-03
   1.6806690e+01   1.5450982e+01  -3.9530046e-01   2.2807116e+02   5.4059567e+01   2.3349289e-01   7.3676745e-03
   1.7399480e+01   1.5304459e+01  -9.3166971e-03   2.2902084e+02   5.4714298e+01   2.1953011e-01   7.0792210e-03
   1.7574463e+01   1.5368963e+01  -5.0022766e-01   2.2878666e+02   5.4070996e+01   2.4565997e-01   8.3524272e-03
   1.7227959e+01   1.5410714e+01  -4.7425027e-02   2.2878960e+02   5.4763663e+01   2.1915050e-01   7.1028442e-03
   1.6732371e+01   1.5348915e+01  -3.5408936e-01   2.2944632e+02   5.4341761e+01   2.3858306e-01   7.1576476e-03
   1.6768602e+01   1.5929927e+01  -2.4698570e-01   2.2852074e+02   5.5146239e+01   2.3144976e-01   7.4966883e-03
   1.7441340e+01   1.5682121e+01   3.1750015e-01   2.2849900e+02   5.4692161e+01   2.2082241e-01   7.5638293e-03
   1.6753049e+01   1.5515177e+01   2.9556374e-01   2.2923071e+02   5.4413542e+01   2.4126689e-01   7.1146255e-03
   1.7643290e+01   1.5429509e+01   3.4343066e-01   2.2863998e+02   5.4913493e+01   2.3151537e-01   6.7437163e-03
   1.6728591e+01   1.5697808e+01  -9.1921559e-01   2.2878735e+02   5.4954239e+01   2.2401889e-01   9.8743341e-03
   1.7294135e+01   1.5886004e+01  -8.9242187e-01   2.2986316e+02   5.5606177e+01   2.4648706e-01   8.6135994e-03
   1.7313975e+01   1.6272790e+01  -4.1491010e-01   2.2823340e+02   5.5803260e+01   2.2054176e-01   9.0865029e-03
   1.7012045e+01   1.6581522e+01  -7.4113344e-02   2.2872740e+02   5.6384353e+01   3.1286067e-01   5.4528425e-03
   1.7227350e+01   1.6262378e+01  -3.5504267e-01   2.2829745e+02   5.5804168e+01   2.2128241e-01   8.8734854e-03
   1.7521404e+01   1.6492932e+01  -2.0382757e-01   2.2894231e+02   5.5391227e+01   2.5353908e-01   7.1389362e-03
   1.7021907e+01   1.5417390e+01  -6.2684122e-01   2.2909003e+02   5.7184781e+01   2.2408375e-01   9.6078596e-03
   1.7408207e+01   1.5645532e+01  -6.2711794e-01   2.2858755e+02   5.6003096e+01   2.3650723e-01   9.1397545e-03
   1.6965091e+01   1.5734852e+01  -2.2767923e-01   2.2768733e+02   5.5576844e+01   2.3320412e-01   7.2724060e-03
   1.7248290e+01   1.5569633e+01  -3.0948753e-02   2.2873560e+02   5.4662221e+01   2.1895305e-01   7.2017979e-03
   1.7021647e+01   1.5448401e+01   2.2396520e-01   2.2846022e+02   5.5171746e+01   2.8666648e-01   7.8980176e-03
   1.6792861e+01   1.4841822e+01   7.3007261e-02   2.2759481e+02   5.6086631e+01   2.2256420e-01   8.7004981e-03
   1.6685586e+01   1.4835791e+01   1.4849855e-01   2.2796539e+02   5.5336758e+01   2.2135963e-01   7.4639290e-03
   1.6773017e+01   1.5230317e+01   7.1219744e-02   2.2921023e+02   5.5093600e+01   2.3310332e-01   8.1997221e-03
   1.6973136e+01   1.5181765e+01   3.1269211e-01   2.2929875e+02   5.5428889e+01   2.6590435e-01   7.8253915e-03
   1.6405603e+01   1.4953764e+01  -3.6393221e-01   2.2788188e+02   5.4505285e+01   2.4541301e-01   6.9866133e-03
   1.6365749e+01   1.4666052e+01   2.9405357e-02   2.2849290e+02   5.7339011e+01   2.8375887e-01   5.2670203e-03
   1.5673158e+01   1.4921197e+01  -9.1387567e-01   2.2859136e+02   5.5513319e+01   2.2465556e-01   9.1328149e-03
   1.5972616e+01   1.4818520e+01  -4.6796462e-01   2.2802800e+02   5.7338488e+01   2.3090852e-01   8.4006330e-03
   1.5801482e+01   1.5280800e+01  -5.8420819e-01   2.2796844e+02   5.5578877e+01   2.2220941e-01   8.5733987e-03
   1.5843999e+01   1.4463372e+01  -7.6560110e-02   2.2938862e+02   5.6535673e+01   2.4828399e-01   5.8083313e-03
   1.6265003e+01   1.5196277e+01  -6.1689380e-01   2.2851666e+02   5.5449724e+01   2.2040627e-01   9.3870769e-03
   1.6616357e+01   1.5506270e+01  -9.5321585e-01   2.2917717e+02   5.5138169e+01   2.2635526e-01   9.4142207e-03
   1.6817872e+01   1.5157528e+01  -7.1122462e-01   2.2936476e+02   5.6210668e+01   2.2254032e-01   9.9100653e-03
   1.6515919e+01   1.4527954e+01  -3.4579229e-03   2.2812597e+02   5.4147155e+01   2.4329185e-01   6.1857033e-03
   1.5741163e+01   1.4844266e+01  -7.1646419e-01   2.2813364e+02   5.3823891e+01   2.3039008e-01   8.8943838e-03
   1.6492662e+01   1.4510752e+01  -1.2212532e-01   2.2750111e+02   5.3467765e+01   2.8693424e-01   6.0036244e-03
   1.5766663e+01   1.4795961e+01  -5.6923148e-01   2.2872148e+02   5.5731370e+01   2.2276470e-01   8.1539952e-03
   1.6170032e+01   1.5532928e+01  -2.7352926e-01   2.2751949e+02   5.5506409e+01   2.2293835e-01   7.8302884e-03
   1.6017140e+01   1.5392685e+01  -1.5041776e-01   2.2861906e+02   5.6153515e+01   2.5565636e-01   5.7497775e-03
   1.6519707e+01   1.5289720e+01  -4.0232921e-02   2.2781956e+02   5.5546436e+01   2.2422484e-01   6.7678626e-03
   1.6440688e+01   1.4622107e+01  -6.3558158e-01   2.2879159e+02   5.5250801e+01   2.3819131e-01   8.0785237e-03
   1.6508334e+01   1.4699528e+01  -5.4933413e-01   2.2858184e+02   5.6287852e+01   2.4112534e-01   7.8824968e-03
   1.6165349e+01   1.5395169e+01  -3.5819628e-01   2.2874952e+02   5.6062774e+01   2.3991768e-01   7.0426493e-03
   1.6271921e+01   1.5249722e+01  -4.3013413e-01   2.2900092e+02   5.5737598e+01   2.3349570e-01   7.5147207e-03
   1.6619692e+01   1.4602984e+01  -6.0258608e-01   2.2942473e+02   5.5055428e+01   2.2537972e-01   8.6504712e-03
   1.6432820e+01   1.6007367e+01  -6.0278181e-01   2.2757527e+02   5.6036116e+01   2.2450765e-01   9.2226647e-03
   1.7164014e+01   1.5182905e+01  -2.3729585e-02   2.2755114e+02   5.5745857e+01   2.6759203e-01   6.9915855e-03
   1.6755492e+01   1.5526789e+01  -6.8629902e-02   2.2782157e+02   5.4476999e+01   2.2498341e-01   6.7132898e-03
   1.6105463e+01   1.5373719e+01  -2.4396316e-03   2.2945788e+02   5.4966372e+01   3.4668294e-01   3.7614403e-03
   1.6627171e+01   1.4806854e+01  -2.8229838e-01   2.2890660e+02   5.5088406e+01   2.2167643e-01   7.5766431e-03
   1.6681764e+01   1.4587216e+01  -2.5642133e-01   2.2946132e+02   5.5993883e+01   2.2114688e-01   7.8925541e-03
   1.6331828e+01   1.4939442e+01  -2.8083975e-01   2.2767330e+02   5.5358751e+01   2.4667768e-01   6.9062284e-03
   1.6131610e+01   1.5157830e+01  -2.4562722e-02   2.2802376e+02   5.4512733e+01   2.1922447e-01   6.9504021e-03
   1.6067398e+01   1.5538932e+01  -3.7532301e-01   2.2841513e+02   5.6101408e+01   2.3718581e-01   7.2079932e-03
   1.6919156e+01   1.4710134e+01  -5.2399624e-01   2.2916647e+02   5.6163056e+01   2.3540674e-01   8.0713693e-03
   1.6867963e+01   1.4816316e+01  -4.2368768e-02   2.2822995e+02   5.6710233e+01   2.4167512e-01   7.0108716e-03
   1.6965667e+01   1.4616706e+01  -9.0767663e-01   2.2993721e+02   5.5733494e+01   2.3352201e-01   9.6364645e-03
   1.6112197e+01   1.4987336e+01  -8.2760417e-01   2.2921284e+02   5.7215237e+01   2.3010043e-01   9.0511849e-03
   1.7072344e+01   1.5738126e+01  -2.8019509e-01   2.2863987e+02   5.6196731e+01   2.2081908e-01   8.3318362e-03
   1.6234288e+01   1.5628853e+01  -6.5942582e-01   2.2945704e+02   5.4409970e+01   2.8552115e-01   6.2779251e-03
   1.6947294e+01   1.5139570e+01  -5.8502985e-01   2.2958530e+02   5.5489202e+01   2.2257536e-01   9.4573638e-03
   1.7126861e+01   1.5467650e+01  -4.2243070e-01   2.2868475e+02   5.6237281e+01   2.2455768e-01   8.4204680e-03
   1.7885291e+01   1.6109077e+01  -1.8392483e-01   2.2807397e+02   5.5779253e+01   2.3355108e-01   8.8011572e-03
   1.6608619e+01   1.5911405e+01  -2.3752519e-01   2.2808593e+02   5.5758710e+01   2.2386998e-01   7.9201571e-03
   1.6742331e+01   1.5687513e+01  -4.8669435e-01   2.2822637e+02   5.7177063e+01   2.2344383e-01   8.8887498e-03
   1.7051730e+01   1.6178575e+01  -8.9060375e-02   2.2736003e+02   5.7495252e+01   2.2925266e-01   7.4336883e-03
   1.6019231e+01   1.5324797e+01  -2.6783561e-01   2.2734780e+02   5.5825790e+01   2.2845648e-01   7.5656369e-03
   1.6171807e+01   1.4516166e+01  -6.9187064e-01   2.2810864e+02   5.5079283e+01   2.6745886e-01   7.5663358e-03
   1.5771004e+01   1.4525274e+01  -4.2850223e-01   2.2919498e+02   5.6759247e+01   2.3120396e-01   7.3910251e-03
   1.5830640e+01   1.4378579e+01  -5.0096455e-01   2.2820535e+02   5.4858340e+01   2.3978204e-01   7.7881678e-03
   1.6705103e+01   1.4587476e+01  -5.0449160e-01   2.2906630e+02   5.5145179e+01   2.3513089e-01   7.7426542e-03
   1.6150010e+01   1.5400293e+01  -2.6419085e-01   2.2864160e+02   5.6078692e+01   2.4027096e-01   6.7644643e-03
   1.6478320e+01   1.4885637e+01  -2.7074830e-01   2.2859503e+02   5.6198625e+01   2.2240622e-01   7.7153188e-03
   1.5960862e+01   1.4783239e+01  -1.1414903e+00   2.2903071e+02   5.6701080e+01   2.2858837e-01   1.0722960e-02
   1.6014823e+01   1.4974832e+01  -4.0903887e-01   2.2885392e+02   5.5437242e+01   2.2642453e-01   7.4677118e-03
   1.6761547e+01   1.5483282e+01   7.6530283e-03   2.2942244e+02   5.5933344e+01   2.2196619e-01   8.2721438e-03
   1.6266711e+01   1.5251803e+01  -1.3584938e-01   2.2958585e+02   5.5827843e+01   3.0603544e-01   4.7220626e-03
   1.6272572e+01   1.5575161e+01  -5.2539416e-01   2.2845383e+02   5.6140848e+01   2.2631688e-01   8.4112520e-03
   1.6516509e+01   1.5891584e+01  -6.5897213e-02   2.2900615e+02   5.5190399e+01   3.0356310e-01   4.9329417e-03
   1.7479307e+01   1.5744807e+01  -5.2461595e-01   2.2934222e+02   5.6328497e+01   2.2394877e-01   9.4720351e-03
   1.6780445e+01   1.5374352e+01  -8.1122519e-02   2.2827294e+02   5.4377631e+01   2.2015883e-01   6.9426326e-03
   1.6743820e+01   1.5680886e+01  -2.6886197e-01   2.2787601e+02   5.6255242e+01   2.2437034e-01   7.7036992e-03
   1.5923346e+01   1.4856592e+01  -3.9951444e-01   2.2927950e+02   5.7442860e+01   2.5212448e-01   6.6235562e-03
   1.6845812e+01   1.5814538e+01  -8.5548372e-01   2.2800748e+02   5.5756398e+01   2.3892965e-01   9.2236269e-03
   1.6147270e+01   1.5761583e+01  -7.3902768e-01   2.2902254e+02   5.5551983e+01   2.6628743e-01   6.9858616e-03
   1.5857747e+01   1.5562163e+01  -8.1356816e-01   2.2844343e+02   5.6727784e+01   2.3614293e-01   8.3469815e-03
   1.6213043e+01   1.5485828e+01  -9.2208153e-01   2.2874355e+02   5.7657303e+01   2.3129672e-01   9.1929203e-03
   1.6865767e+01   1.5019001e+01   1.5504848e-01   2.2918744e+02   5.7104064e+01   2.2451262e-01   8.1117686e-03
   1.6462113e+01   1.5261356e+01  -5.4799809e-01   2.2819247e+02   5.5046364e+01   2.2861285e-01   8.2590066e-03
   1.6449525e+01   1.4768187e+01  -8.8356438e-01   2.2763076e+02   5.5424857e+01   3.1326921e-01   7.9243680e-03
   1.5838159e+01   1.5509196e+01  -7.3861600e-01   2.2815864e+02   5.5750230e+01   2.2598717e-01   8.7557998e-03
   1.6294620e+01   1.4384199e+01  -5.1975103e-01   2.2893299e+02   5.4696959e+01   2.3315887e-01   7.8692967e-03
   1.5457363e+01   1.4664708e+01  -3.5133952e-01   2.2833682e+02   5.5514558e+01   2.2215373e-01   7.4006649e-03
   1.6374825e+01   1.5143005e+01   8.2786560e-02   2.2901235e+02   5.5985386e+01   2.3177514e-01   6.6813376e-03
   1.6515302e+01   1.4600453e+01  -5.1901973e-01   2.2878272e+02   5.5091317e+01   2.3753295e-01   7.6878594e-03
   1.6199162e+01   1.4678278e+01  -5.7813470e-01   2.2929835e+02   5.4342037e+01   2.2197759e-01   8.3841507e-03
   1.6344656e+01   1.4423260e+01  -3.2583840e-01   2.2752925e+02   5.4741482e+01   2.9591033e-01   6.5314768e-03
   1.5695413e+01   1.4704678e+01  -6.7869952e-01   2.2792491e+02   5.7064031e+01   2.3621715e-01   8.9538354e-03
   1.5834122e+01   1.5366158e+01  -1.0522739e+00   2.2816767e+02   5.5698701e+01   2.2712738e-01   1.0047809e-02
   1.6023989e+01   1.5152197e+01  -9.0961674e-01   2.2847412e+02   5.5817337e+01   2.2454357e-01   1.0100627e-02
   1.5522959e+01   1.4892390e+01  -4.1376922e-01   2.2925199e+02   5.5752620e+01   2.7925664e-01   5.1554231e-03
   1.5547104e+01   1.5431409e+01  -5.7601867e-01   2.2777405e+02   5.6500144e+01   2.2815128e-01   8.0402447e-03
   1.5793687e+01   1.4888882e+01  -8.3720935e-01   2.2954715e+02   5.5486294e+01   2.4905466e-01   7.0320486e-03
   1.5431477e+01   1.5119709e+01  -1.1638523e+00   2.2762497e+02   5.5441450e+01   2.4257648e-01   1.0028803e-02
   1.5890865e+01   1.4624430e+01  -9.2269335e-01   2.2803151e+02   5.5924049e+01   2.6062072e-01   8.3349778e-03
   1.5226561e+01   1.5312316e+01  -4.0583168e-01   2.2794907e+02   5.5640816e+01   2.4932315e-01   5.7977078e-03
   1.6087508e+01   1.4361777e+01  -4.6935302e-02   2.2894100e+02   5.4722354e+01   2.1757738e-01   7.2079068e-03
   1.6679231e+01   1.4599337e+01  -2.5873007e-01   2.2971810e+02   5.3808836e+01   2.2259444e-01   7.5707462e-03
   1.5818999e+01   1.4990732e+01  -1.9916626e-01   2.2830037e+02   5.5583903e+01   2.2323951e-01   7.2332683e-03
   1.5519625e+01   1.4787171e+01  -1.6264140e-01   2.2768836e+02   5.5803608e+01   2.2050430e-01   7.7684636e-03
   1.6072820e+01   1.4212280e+01  -1.3761178e-01   2.2931366e+02   5.6269752e+01   2.2087312e-01   7.7309685e-03
   1.5508701e+01   1.4763795e+01  -7.4492965e-01   2.2833867e+02   5.5094528e+01   2.2385366e-01   8.6111733e-03
   1.5178011e+01   1.4988916e+01  -2.8263300e-01   2.2894891e+02   5.6063193e+01   3.1672677e-01   4.3265562e-03
   1.6682432e+01   1.4972995e+01   1.5842672e-02   2.2897048e+02   5.5816155e+01   2.2377885e-01   8.0598321e-03
   1.7232706e+01   1.5456232e+01  -6.3100083e-02   2.2931370e+02   5.5953981e+01   2.2901068e-01   7.6470038e-03
   1.6049042e+01   1.5237342e+01  -1.0395993e+00   2.2826375e+02   5.6475360e+01   2.3032406e-01   1.0784679e-02
   1.5906782e+01   1.4918486e+01  -7.5966765e-01   2.2842627e+02   5.7477992e+01   2.2536527e-01   1.0061112e-02
   1.5058875e+01   1.4602428e+01  -2.8231519e-01   2.2811568e+02   5.7209903e+01   2.3242672e-01   6.7259152e-03
   1.5269130e+01   1.4451498e+01  -7.9343695e-01   2.2843644e+02   5.5928610e+01   2.2509228e-01   8.6266219e-03
   1.5464912e+01   1.4376116e+01  -1.7541537e-01   2.2949652e+02   5.6435487e+01   2.7245612e-01   4.8889021e-03
   1.5960896e+01   1.3898838e+01  -4.1603123e-01   2.2907792e+02   5.5160822e+01   2.3135540e-01   7.9441189e-03
   1.5317103e+01   1.4030322e+01  -6.4629550e-01   2.2824272e+02   5.5517752e+01   2.3900827e-01   8.5181458e-03
   1.5901179e+01   1.4799142e+01  -3.9220036e-01   2.2933400e+02   5.6678231e+01   2.4934266e-01   6.4242788e-03
   1.5788324e+01   1.5262630e+01   4.7145585e-02   2.2914853e+02   5.7532982e+01   2.5367998e-01   6.5274365e-03
   1.5789972e+01   1.5274981e+01  -9.3508094e-02   2.2874434e+02   5.6293174e+01   2.8108728e-01   4.8236613e-03
   1.6456810e+01   1.4843428e+01  -6.7022977e-01   2.2820341e+02   5.6319838e+01   2.5440716e-01   7.9209958e-03
   1.5794865e+01   1.4617472e+01  -4.0568051e-01   2.2947937e+02   5.5020452e+01   2.4628092e-01   5.9293744e-03
   1.6120487e+01   1.5134027e+01  -2.1521611e-01   2.2805469e+02   5.6614977e+01   2.2013591e-01   8.1174064e-03
   1.5768910e+01   1.4340793e+01  -2.7394944e-01   2.2866916e+02   5.5636722e+01   2.1884908e-01   8.1754466e-03
   1.5989200e+01   1.4816288e+01  -6.7280392e-01   2.2848288e+02   5.5077098e+01   2.2457621e-01   9.3912815e-03
   1.5988594e+01   1.3914639e+01  -3.5469231e-01   2.2948705e+02   5.4932945e+01   2.2124283e-01   8.2766392e-03
   1.5844823e+01   1.4566542e+01  -1.5250466e-02   2.2837369e+02   5.4402475e+01   2.1812362e-01   6.8949436e-03
   1.6323964e+01   1.4555802e+01  -1.3796219e-01   2.2874182e+02   5.4989976e+01   2.2027715e-01   7.2436399e-03
   1.6090676e+01   1.5125355e+01  -1.1681671e-01   2.2863939e+02   5.3956033e+01   2.3158220e-01   6.1248028e-03
   1.6095035e+01   1.5484364e+01  -3.4308221e-01   2.2952846e+02   5.3731225e+01   3.2429811e-01   4.6917987e-03
   1.6206671e+01   1.5647194e+01  -5.1056148e-01   2.2847925e+02   5.5763660e+01   2.3242181e-01   7.9302517e-03
   1.6726187e+01   1.5716817e+01  -8.7644787e-01   2.2840299e+02   5.6618925e+01   2.2656156e-01   1.0100563e-02
   1.6798697e+01   1.5071076e+01   3.2790188e-02   2.2768368e+02   5.5881263e+01   2.3052759e-01   7.9172055e-03
   1.5994730e+01   1.4384312e+01  -1.3243557e-01   2.2886017e+02   5.5351185e+01   2.1777719e-01   7.6525913e-03
   1.6107109e+01   1.4582067e+01  -5.6744664e-01   2.2981979e+02   5.4771475e+01   2.3692867e-01   7.0158014e-03
   1.6422266e+01   1.4135669e+01  -4.9971979e-01   2.2972683e+02   5.4892462e+01   2.2520681e-01   8.3469555e-03
   1.6087345e+01   1.4610687e+01  -1.8027076e-01   2.2927395e+02   5.7110489e+01   2.3402186e-01   7.2873350e-03
   1.7028086e+01   1.5749334e+01  -7.7330083e-01   2.2863285e+02   5.6543851e+01   2.2518539e-01   9.8968556e-03
   1.6468895e+01   1.5420087e+01   7.2316776e-02   2.2880363e+02   5.4865982e+01   2.3539829e-01   8.2898346e-03
   1.6546782e+01   1.5192806e+01  -7.8971561e-01   2.2942816e+02   5.6563183e+01   2.2904682e-01   9.1015032e-03
   1.6935190e+01   1.4675303e+01  -5.3373850e-01   2.2820569e+02   5.5389928e+01   2.8803512e-01   7.6112141e-03
   1.6681160e+01   1.4804556e+01  -1.7700048e-01   2.2932698e+02   5.5182801e+01   2.2005878e-01   7.7717229e-03
   1.6421589e+01   1.4928544e+01  -6.2776213e-02   2.2842062e+02   5.7154924e+01   2.2167690e-01   7.3735600e-03
   1.6576455e+01   1.4859355e+01  -4.6377785e-02   2.2766236e+02   5.5313264e+01   2.5116398e-01   6.4934838e-03
   1.6952142e+01   1.5237162e+01  -8.7428387e-01   2.2945939e+02   5.4125629e+01   2.2526657e-01   9.9903262e-03
   1.7153078e+01   1.5134371e+01  -8.7129555e-01   2.2833752e+02   5.3798693e+01   2.8908033e-01   8.2487453e-03
   1.7014225e+01   1.5321149e+01  -2.1683794e-01   2.2941718e+02   5.4491118e+01   2.2811041e-01   7.5266766e-03
   1.6300852e+01   1.5274087e+01  -3.1316820e-01   2.2952208e+02   5.4775773e+01   2.7541314e-01   5.5295855e-03
   1.6498139e+01   1.4921291e+01  -7.6871339e-01   2.2919707e+02   5.5130645e+01   2.2281863e-01   9.8160019e-03
   1.6481735e+01   1.5493110e+01  -4.4273948e-01   2.2968951e+02   5.4821010e+01   2.8756974e-01   5.9087917e-03
   1.6409724e+01   1.5507647e+01  -4.9915204e-01   2.2892800e+02   5.5676000e+01   2.3461763e-01   7.8618641e-03
