   1.6548080e+01   1.5162917e+01  -5.3626999e-02   2.2857498e+02   5.5690257e+01   2.1911075e-01   7.4125350e-03   5.0410000e+03   3.5427307e+03
   1.6852621e+01   1.5185311e+01  -4.5258007e-01   2.2893179e+02   5.6327346e+01   2.2208684e-01   8.5833168e-03   5.0500000e+03   3.5427698e+03
   1.6448442e+01   1.4986265e+01  -2.3287640e-01   2.2869887e+02   5.6204137e+01   2.1914626e-01   8.0829643e-03   5.0610000e+03   3.5456372e+03
   1.6399966e+01   1.5469407e+01  -4.9975125e-01   2.2843366e+02   5.5729814e+01   2.2038196e-01   8.8725419e-03   5.0740000e+03   3.5443247e+03
   1.6778721e+01   1.5086171e+01  -7.8176299e-02   2.2864339e+02   5.4819944e+01   2.1937307e-01   6.9835245e-03   5.1190000e+03   3.5424229e+03
   1.7218358e+01   1.5190424e+01  -1.3785002e-01   2.2912316e+02   5.4328453e+01   2.2001350e-01   7.2435214e-03   5.1260000e+03   3.5416998e+03
   1.6837266e+01   1.5188834e+01  -1.9040315e-02   2.2857711e+02   5.5252961e+01   2.1896311e-01   6.9190262e-03   5.1380000e+03   3.5420343e+03
   1.7087268e+01   1.5077207e+01  -2.2506221e-01   2.2937357e+02   5.5024956e+01   2.2038307e-01   7.7303848e-03   5.1390000e+03   3.5416855e+03
   1.6720893e+01   1.5209669e+01  -1.7347424e-01   2.2887913e+02   5.4818801e+01   2.1929137e-01   7.7453904e-03   5.1400000e+03   3.5420750e+03
   1.6690679e+01   1.4728680e+01  -1.5819731e-01   2.2927370e+02   5.3968271e+01   2.1932255e-01   7.3177370e-03   5.1430000e+03   3.5413308e+03
   1.6668789e+01   1.5044972e+01  -8.4495046e-02   2.2869495e+02   5.3830377e+01   2.1886024e-01   6.9985305e-03   5.1620000e+03   3.5431405e+03
   1.6230461e+01   1.5103476e+01  -4.4011706e-01   2.2843151e+02   5.3232761e+01   2.2222583e-01   8.0708267e-03   5.2700000e+03   3.5368174e+03
   1.6068766e+01   1.4688644e+01  -4.5234121e-02   2.2832093e+02   5.4019925e+01   2.1863888e-01   7.1065903e-03   5.2840000e+03   3.5401482e+03
   1.6211583e+01   1.4882315e+01  -4.4816137e-01   2.2879962e+02   5.4972138e+01   2.1897952e-01   8.6403740e-03   5.2860000e+03   3.5453963e+03
   1.6114067e+01   1.4637489e+01  -2.0823232e-01   2.2861084e+02   5.5050592e+01   2.1828784e-01   7.8696970e-03   5.2930000e+03   3.5449861e+03
   1.6164694e+01   1.4775821e+01  -1.3544243e-01   2.2867378e+02   5.5888798e+01   2.1862235e-01   7.8126767e-03   5.3100000e+03   3.5442392e+03
   1.5801668e+01   1.4641543e+01  -5.0151297e-01   2.2867814e+02   5.6321102e+01   2.2065381e-01   8.7543503e-03   5.3830000e+03   3.5445141e+03
   1.5661010e+01   1.4470895e+01  -3.7209113e-01   2.2850535e+02   5.6477873e+01   2.2014022e-01   8.5948169e-03   5.3890000e+03   3.5438207e+03
   1.5865479e+01   1.4694264e+01  -2.3301935e-01   2.2859715e+02   5.5732933e+01   2.1956511e-01   7.8902363e-03   5.4570000e+03   3.5429181e+03
   1.6062141e+01   1.4438421e+01  -4.1678855e-01   2.2901174e+02   5.5791522e+01   2.1964680e-01   8.8505096e-03   5.4620000e+03   3.5436021e+03
   1.6108334e+01   1.4831246e+01  -1.1403359e-01   2.2829847e+02   5.5610314e+01   2.1824652e-01   7.6163540e-03   5.4820000e+03   3.5445831e+03
   1.6186875e+01   1.5171908e+01  -6.0965594e-01   2.2859966e+02   5.5129527e+01   2.2065898e-01   8.8799286e-03   5.5750000e+03   3.5445222e+03
   1.6076219e+01   1.4762677e+01  -7.7827207e-01   2.2915224e+02   5.5785187e+01   2.2285343e-01   9.2991616e-03   5.5930000e+03   3.5425992e+03
   1.5581185e+01   1.4599714e+01  -8.2088564e-01   2.2873121e+02   5.6323220e+01   2.2424851e-01   9.0045255e-03   5.6060000e+03   3.5421600e+03
   1.5933224e+01   1.4888088e+01  -6.3891755e-01   2.2850848e+02   5.7057631e+01   2.2261761e-01   9.5709863e-03   5.6070000e+03   3.5419689e+03
   1.6225175e+01   1.4440043e+01  -3.4701517e-01   2.2923175e+02   5.6270484e+01   2.2008026e-01   8.6557628e-03   5.6110000e+03   3.5424584e+03
   1.6069029e+01   1.4420807e+01  -3.5267399e-01   2.2898796e+02   5.6137195e+01   2.1966077e-01   8.6491005e-03   5.6170000e+03   3.5435616e+03
   1.5970076e+01   1.4761473e+01  -6.8642197e-01   2.2893647e+02   5.5473099e+01   2.2168036e-01   8.9430758e-03   5.6190000e+03   3.5438610e+03
   1.6076102e+01   1.4894099e+01  -6.6072936e-01   2.2874459e+02   5.5852267e+01   2.2102599e-01   9.3796994e-03   5.6330000e+03   3.5443571e+03
   1.6031312e+01   1.5100823e+01  -6.6166687e-01   2.2844141e+02   5.6465208e+01   2.2172068e-01   9.4271353e-03   5.6360000e+03   3.5439335e+03
   1.5907702e+01   1.5026451e+01  -6.0018293e-01   2.2838916e+02   5.5858879e+01   2.2101757e-01   8.9164460e-03   5.6870000e+03   3.5446130e+03
   1.6084305e+01   1.4769157e+01  -1.6534719e-01   2.2845544e+02   5.4876424e+01   2.1774694e-01   7.7411959e-03   5.6900000e+03   3.5454265e+03
   1.6023794e+01   1.4483702e+01  -3.0466109e-01   2.2882849e+02   5.5418563e+01   2.1854178e-01   8.3453152e-03   5.7520000e+03   3.5450153e+03
   1.5826965e+01   1.4462320e+01  -7.3718722e-02   2.2862687e+02   5.5458575e+01   2.1822519e-01   7.4099938e-03   5.8040000e+03   3.5438356e+03
   1.5657244e+01   1.4681609e+01  -3.5722202e-01   2.2826289e+02   5.4787671e+01   2.1959343e-01   8.0868421e-03   5.8140000e+03   3.5434428e+03
   1.5835275e+01   1.4285799e+01  -1.6298560e-01   2.2888459e+02   5.5719137e+01   2.1849799e-01   7.7322355e-03   5.8200000e+03   3.5441377e+03
   1.6332259e+01   1.4785750e+01  -3.6615499e-01   2.2890195e+02   5.6408888e+01   2.1990889e-01   8.6400532e-03   5.8660000e+03   3.5445819e+03
   1.6006132e+01   1.4913839e+01  -1.8153067e-01   2.2823703e+02   5.5707039e+01   2.1832116e-01   7.9341251e-03   5.8810000e+03   3.5450100e+03
   1.6451440e+01   1.5316298e+01  -8.0932273e-02   2.2808518e+02   5.4723727e+01   2.1907517e-01   7.1386463e-03   5.8920000e+03   3.5426907e+03
   1.6311304e+01   1.4933797e+01  -3.1530993e-01   2.2857887e+02   5.4941969e+01   2.1896205e-01   8.1161063e-03   5.8990000e+03   3.5451838e+03
   1.6223184e+01   1.4712387e+01  -4.7694609e-01   2.2896304e+02   5.5392045e+01   2.1925324e-01   8.9943286e-03   5.9090000e+03   3.5448840e+03
   1.6657370e+01   1.4930005e+01  -5.0054319e-01   2.2914171e+02   5.5819722e+01   2.2113178e-01   8.7728005e-03   5.9420000e+03   3.5435842e+03
   1.6378230e+01   1.5311663e+01  -4.3578686e-01   2.2852732e+02   5.4975939e+01   2.1959069e-01   8.4601752e-03   5.9750000e+03   3.5447117e+03
   1.6854763e+01   1.5144071e+01  -3.7849599e-01   2.2906709e+02   5.5077538e+01   2.1972570e-01   8.2683251e-03   5.9860000e+03   3.5449131e+03
   1.6725663e+01   1.5030169e+01  -4.9828284e-01   2.2917769e+02   5.4736510e+01   2.2027083e-01   8.6902187e-03   5.9910000e+03   3.5435994e+03
   1.7121826e+01   1.5500137e+01  -4.2371448e-01   2.2885751e+02   5.5495963e+01   2.2092813e-01   8.4749998e-03   6.0160000e+03   3.5441497e+03
   1.7293086e+01   1.5808242e+01  -2.8197977e-01   2.2873847e+02   5.5014986e+01   2.1961729e-01   8.1933598e-03   6.0190000e+03   3.5442653e+03
   1.7171054e+01   1.5666482e+01  -1.2924417e-01   2.2853875e+02   5.5022829e+01   2.1907963e-01   7.5285373e-03   6.0740000e+03   3.5451731e+03
   1.6940338e+01   1.5379186e+01  -3.0057014e-01   2.2886039e+02   5.4983154e+01   2.1919399e-01   8.0371828e-03   6.3300000e+03   3.5454114e+03
   1.7066720e+01   1.5531845e+01  -7.3615706e-01   2.2911568e+02   5.4961828e+01   2.2228351e-01   9.7370033e-03   6.3410000e+03   3.5417368e+03
   1.6924206e+01   1.5796248e+01  -5.0194652e-01   2.2827629e+02   5.4978969e+01   2.2251980e-01   8.5612232e-03   6.3770000e+03   3.5408702e+03
   1.7021881e+01   1.5801740e+01  -8.3292388e-01   2.2889545e+02   5.5283790e+01   2.2280077e-01   1.0085388e-02   6.3780000e+03   3.5422720e+03
   1.7323719e+01   1.5524557e+01  -4.4826458e-01   2.2933186e+02   5.5935208e+01   2.2228028e-01   8.9246777e-03   6.3810000e+03   3.5402543e+03
   1.7386496e+01   1.5898822e+01  -1.3107869e-01   2.2847009e+02   5.6028705e+01   2.1988900e-01   7.9603308e-03   6.3820000e+03   3.5438917e+03
   1.7445046e+01   1.6078534e+01  -3.0456196e-01   2.2837808e+02   5.6359522e+01   2.2131695e-01   8.6549095e-03   6.3990000e+03   3.5430258e+03
   1.7313975e+01   1.6272790e+01  -4.1491010e-01   2.2823340e+02   5.5803260e+01   2.2054176e-01   9.0865029e-03   6.4000000e+03   3.5440747e+03
   1.7786256e+01   1.6130722e+01  -3.8510684e-01   2.2874216e+02   5.5525644e+01   2.2073131e-01   9.3347591e-03   6.4920000e+03   3.5425750e+03
   1.7405630e+01   1.5891427e+01  -2.6710609e-01   2.2873617e+02   5.6502054e+01   2.2137359e-01   8.4973887e-03   6.4950000e+03   3.5419088e+03
   1.7417071e+01   1.5813496e+01  -6.6680711e-01   2.2928779e+02   5.6024268e+01   2.2347641e-01   9.9267263e-03   6.5020000e+03   3.5396070e+03
   1.7307831e+01   1.5774358e+01  -3.2487965e-01   2.2849879e+02   5.6191897e+01   2.2244367e-01   8.4248926e-03   6.5220000e+03   3.5410287e+03
   1.6970890e+01   1.5527214e+01  -1.5985001e-01   2.2845464e+02   5.6166951e+01   2.2018774e-01   7.6554553e-03   6.5360000e+03   3.5444790e+03
   1.6799721e+01   1.5281563e+01  -1.4106095e-01   2.2859394e+02   5.5650850e+01   2.1910084e-01   7.4846782e-03   6.5410000e+03   3.5459851e+03
   1.6333131e+01   1.4995758e+01  -3.0634657e-01   2.2871067e+02   5.5446915e+01   2.1840397e-01   8.3375428e-03   6.7060000e+03   3.5459326e+03
   1.6046168e+01   1.4522441e+01  -4.6943071e-01   2.2906332e+02   5.6357540e+01   2.2039062e-01   9.0316652e-03   6.7420000e+03   3.5433881e+03
   1.6074837e+01   1.4934562e+01  -7.3105730e-01   2.2870937e+02   5.6641723e+01   2.2246851e-01   9.8199465e-03   6.7920000e+03   3.5427189e+03
   1.6007079e+01   1.4913912e+01  -4.1622983e-01   2.2854990e+02   5.5654126e+01   2.1940087e-01   8.4839683e-03   6.8070000e+03   3.5454409e+03
   1.6418868e+01   1.5250416e+01  -2.4322405e-01   2.2847032e+02   5.4761264e+01   2.1876309e-01   7.8378245e-03   6.8560000e+03   3.5445018e+03
   1.6265003e+01   1.5196277e+01  -6.1689380e-01   2.2851666e+02   5.5449724e+01   2.2040627e-01   9.3870769e-03   6.8750000e+03   3.5444466e+03
   1.6401855e+01   1.5384956e+01  -7.5302038e-01   2.2880914e+02   5.5618706e+01   2.2246368e-01   9.3631542e-03   6.8960000e+03   3.5429661e+03
   1.6744489e+01   1.5207914e+01  -7.8690429e-01   2.2923452e+02   5.5524289e+01   2.2219821e-01   1.0050377e-02   6.9120000e+03   3.5423572e+03
   1.6520760e+01   1.4801977e+01  -4.7015858e-01   2.2950927e+02   5.5666780e+01   2.2315430e-01   8.6391821e-03   6.9150000e+03   3.5372852e+03
   1.6882748e+01   1.4780641e+01  -4.8215595e-01   2.2954286e+02   5.5376806e+01   2.2264814e-01   8.4764288e-03   6.9180000e+03   3.5399389e+03
   1.7036273e+01   1.4806812e+01  -3.9960606e-01   2.2973130e+02   5.5658137e+01   2.2276820e-01   8.3351931e-03   6.9240000e+03   3.5387578e+03
   1.6817872e+01   1.5157528e+01  -7.1122462e-01   2.2936476e+02   5.6210668e+01   2.2254032e-01   9.9100653e-03   6.9250000e+03   3.5417350e+03
   1.6462380e+01   1.4923121e+01  -6.9399669e-01   2.2914938e+02   5.5472419e+01   2.2129459e-01   9.7239923e-03   6.9310000e+03   3.5428970e+03
   1.6071490e+01   1.4541159e+01  -2.4711218e-01   2.2880400e+02   5.4547635e+01   2.1821914e-01   7.9090463e-03   6.9320000e+03   3.5445581e+03
   1.5919980e+01   1.4911800e+01  -1.7698607e-01   2.2823501e+02   5.4042459e+01   2.1941881e-01   7.3189120e-03   6.9610000e+03   3.5414398e+03
   1.6120055e+01   1.4917760e+01  -3.8319609e-01   2.2849166e+02   5.4313362e+01   2.1942484e-01   8.2957728e-03   6.9680000e+03   3.5431992e+03
   1.5838155e+01   1.5077752e+01  -6.0789035e-01   2.2835165e+02   5.5285267e+01   2.2166632e-01   8.5054923e-03   7.0150000e+03   3.5434822e+03
   1.5838060e+01   1.4688609e+01  -5.4733056e-01   2.2863191e+02   5.5593447e+01   2.2033245e-01   8.8363537e-03   7.0580000e+03   3.5446903e+03
   1.6123987e+01   1.4905083e+01  -3.0804517e-01   2.2846434e+02   5.5627547e+01   2.1832622e-01   8.4365054e-03   7.0650000e+03   3.5462398e+03
   1.6479039e+01   1.5069199e+01  -1.6289519e-01   2.2863586e+02   5.5281743e+01   2.1812744e-01   7.7351093e-03   7.1600000e+03   3.5459139e+03
   1.6772467e+01   1.5378720e+01  -4.2375394e-01   2.2858441e+02   5.4536712e+01   2.2124526e-01   8.1616037e-03   7.2260000e+03   3.5422561e+03
   1.6692899e+01   1.5791835e+01  -6.1985050e-01   2.2852408e+02   5.5224610e+01   2.2163267e-01   9.1048440e-03   7.2330000e+03   3.5427524e+03
   1.6710249e+01   1.5829552e+01  -7.5671982e-01   2.2854110e+02   5.5257116e+01   2.2234436e-01   9.4901926e-03   7.2540000e+03   3.5430559e+03
   1.6683833e+01   1.5440291e+01  -2.8530375e-01   2.2847061e+02   5.5592152e+01   2.1906346e-01   8.1133114e-03   7.2660000e+03   3.5461258e+03
   1.6389449e+01   1.5055325e+01  -4.3704680e-01   2.2871615e+02   5.5010306e+01   2.1884463e-01   8.7223392e-03   7.2960000e+03   3.5457128e+03
   1.6118321e+01   1.4666182e+01  -3.5250968e-01   2.2887375e+02   5.5496065e+01   2.1848896e-01   8.5187084e-03   7.3820000e+03   3.5457193e+03
   1.5925734e+01   1.5006614e+01  -3.0980422e-01   2.2819255e+02   5.5287865e+01   2.1894780e-01   8.1660736e-03   7.3920000e+03   3.5447610e+03
   1.5996952e+01   1.4944686e+01  -5.4273270e-01   2.2857599e+02   5.6238295e+01   2.2063422e-01   8.9407684e-03   7.4280000e+03   3.5448657e+03
   1.6470051e+01   1.5119681e+01  -4.9594397e-01   2.2875919e+02   5.6643445e+01   2.2076947e-01   9.1409383e-03   7.4450000e+03   3.5444734e+03
   1.6752808e+01   1.5055108e+01  -4.5294681e-01   2.2907682e+02   5.6720943e+01   2.2206395e-01   8.7677834e-03   7.4650000e+03   3.5424304e+03
   1.6720933e+01   1.4839792e+01  -9.9879216e-02   2.2898912e+02   5.6125209e+01   2.1994620e-01   7.3442293e-03   7.5260000e+03   3.5432119e+03
   1.6865991e+01   1.5269865e+01  -2.5198385e-01   2.2870159e+02   5.6641631e+01   2.2134554e-01   7.9585140e-03   7.5360000e+03   3.5433800e+03
   1.6498931e+01   1.5327244e+01  -3.8008828e-01   2.2859970e+02   5.6574848e+01   2.2052579e-01   8.8937382e-03   7.5370000e+03   3.5429837e+03
   1.6608959e+01   1.5374245e+01  -6.7754519e-01   2.2866086e+02   5.6734689e+01   2.2277006e-01   9.6435656e-03   7.5580000e+03   3.5427137e+03
   1.7072344e+01   1.5738126e+01  -2.8019509e-01   2.2863987e+02   5.6196731e+01   2.2081908e-01   8.3318362e-03   7.5750000e+03   3.5426346e+03
   1.6661563e+01   1.5551910e+01  -5.0438588e-01   2.2858653e+02   5.5327980e+01   2.1939924e-01   9.1937705e-03   7.5810000e+03   3.5451312e+03
   1.7146431e+01   1.5270325e+01  -2.7190050e-01   2.2918927e+02   5.5528958e+01   2.2028517e-01   8.0234436e-03   7.6320000e+03   3.5433561e+03
   1.7453079e+01   1.5768353e+01  -1.4611888e-01   2.2868990e+02   5.6274795e+01   2.2038657e-01   8.0574573e-03   7.6560000e+03   3.5433453e+03
   1.7007561e+01   1.5906463e+01  -5.5269855e-01   2.2832566e+02   5.6487967e+01   2.2246333e-01   9.2295322e-03   7.6810000e+03   3.5428157e+03
   1.6742331e+01   1.5687513e+01  -4.8669435e-01   2.2822637e+02   5.7177063e+01   2.2344383e-01   8.8887498e-03   7.7250000e+03   3.5411601e+03
   1.6780218e+01   1.5871261e+01  -2.2638982e-01   2.2807706e+02   5.6672380e+01   2.2177035e-01   8.1361021e-03   7.7420000e+03   3.5405871e+03
   1.7272367e+01   1.5830014e+01  -9.0789619e-02   2.2839803e+02   5.5780565e+01   2.1961968e-01   7.6357505e-03   7.7510000e+03   3.5438360e+03
   1.6815282e+01   1.5607439e+01  -5.1654338e-01   2.2866242e+02   5.5475346e+01   2.1969416e-01   9.1798215e-03   7.7520000e+03   3.5454289e+03
   1.6386742e+01   1.5192521e+01  -2.2571351e-01   2.2827933e+02   5.5801636e+01   2.1924707e-01   7.8564127e-03   7.7570000e+03   3.5453391e+03
   1.6099732e+01   1.4762555e+01  -2.4848359e-01   2.2872883e+02   5.5298049e+01   2.1841241e-01   8.0379467e-03   7.7960000e+03   3.5449894e+03
   1.6009437e+01   1.4576373e+01  -1.8707825e-01   2.2863791e+02   5.5804487e+01   2.1794550e-01   8.0534880e-03   7.8110000e+03   3.5460028e+03
   1.6201057e+01   1.4793449e+01  -2.0411114e-01   2.2857508e+02   5.5807639e+01   2.1830424e-01   7.9869712e-03   7.8120000e+03   3.5462688e+03
   1.6606175e+01   1.4958184e+01  -9.5457353e-02   2.2872226e+02   5.5284911e+01   2.1851268e-01   7.2398340e-03   7.8670000e+03   3.5456719e+03
   1.6167121e+01   1.4811958e+01  -3.1277899e-01   2.2859243e+02   5.4987159e+01   2.1839734e-01   8.2988288e-03   7.8770000e+03   3.5454962e+03
   1.6379349e+01   1.5193628e+01  -2.2580585e-01   2.2842389e+02   5.5253120e+01   2.1826012e-01   7.9925519e-03   7.8790000e+03   3.5457405e+03
   1.6131604e+01   1.5361696e+01  -5.2170667e-01   2.2830076e+02   5.5942887e+01   2.2144034e-01   8.6274101e-03   7.9200000e+03   3.5433428e+03
   1.6207198e+01   1.5549319e+01  -8.8711399e-01   2.2834217e+02   5.6138217e+01   2.2393197e-01   9.7501412e-03   7.9270000e+03   3.5424607e+03
   1.5777084e+01   1.5084072e+01  -8.2360962e-01   2.2840725e+02   5.6311708e+01   2.2376812e-01   9.2929578e-03   7.9430000e+03   3.5425799e+03
   1.6140667e+01   1.5075519e+01  -8.9683974e-01   2.2899186e+02   5.6093031e+01   2.2411445e-01   9.6602803e-03   7.9580000e+03   3.5418700e+03
   1.6579332e+01   1.5211224e+01  -8.2287156e-01   2.2901118e+02   5.5859826e+01   2.2251816e-01   1.0244152e-02   7.9700000e+03   3.5423557e+03
   1.6397536e+01   1.5345791e+01  -5.9289884e-01   2.2843140e+02   5.5628106e+01   2.2054445e-01   9.3330121e-03   7.9740000e+03   3.5445059e+03
   1.6516817e+01   1.5169036e+01  -3.9770461e-01   2.2865465e+02   5.5345341e+01   2.1911491e-01   8.4819279e-03   7.9810000e+03   3.5462167e+03
   1.6761704e+01   1.5667980e+01  -4.1119911e-01   2.2845585e+02   5.4570885e+01   2.1943445e-01   8.5891538e-03   8.0650000e+03   3.5440098e+03
   1.7006976e+01   1.5487683e+01  -1.8079798e-01   2.2871749e+02   5.5372035e+01   2.1914936e-01   7.7395764e-03   8.0980000e+03   3.5451007e+03
   1.6912437e+01   1.5594573e+01  -4.3774506e-01   2.2872752e+02   5.6084939e+01   2.2029817e-01   8.8939104e-03   8.1400000e+03   3.5447098e+03
   1.6420248e+01   1.5225389e+01  -3.2130522e-01   2.2831467e+02   5.6707486e+01   2.2106724e-01   8.2880290e-03   8.1650000e+03   3.5436206e+03
   1.6417552e+01   1.5510734e+01  -6.7066910e-01   2.2849237e+02   5.6236214e+01   2.2149507e-01   9.5436235e-03   8.1950000e+03   3.5443016e+03
   1.6402752e+01   1.5735240e+01  -6.1646253e-01   2.2795987e+02   5.5797982e+01   2.2201152e-01   9.4374054e-03   8.2370000e+03   3.5419270e+03
   1.6308266e+01   1.5324197e+01  -8.9121901e-01   2.2866208e+02   5.6004528e+01   2.2333063e-01   1.0094684e-02   8.2490000e+03   3.5424886e+03
   1.6129280e+01   1.4994007e+01  -5.1122708e-01   2.2855758e+02   5.6707572e+01   2.2056976e-01   9.3055703e-03   8.2620000e+03   3.5442705e+03
   1.6402283e+01   1.4551586e+01  -3.2828157e-01   2.2931017e+02   5.6443602e+01   2.2090642e-01   8.4921569e-03   8.2790000e+03   3.5412904e+03
   1.6415157e+01   1.4632855e+01  -3.7005710e-01   2.2925631e+02   5.5669819e+01   2.1956132e-01   8.5597232e-03   8.3010000e+03   3.5437619e+03
   1.6414489e+01   1.4870399e+01  -5.6864485e-01   2.2894553e+02   5.6044187e+01   2.2165871e-01   9.1091939e-03   8.3150000e+03   3.5428350e+03
   1.6359234e+01   1.4760623e+01  -3.5660563e-01   2.2883854e+02   5.5812143e+01   2.2015777e-01   8.2606815e-03   8.3160000e+03   3.5443254e+03
   1.6085452e+01   1.5127555e+01  -4.6068208e-01   2.2826945e+02   5.6008846e+01   2.1975773e-01   8.9504499e-03   8.3190000e+03   3.5450463e+03
   1.6246419e+01   1.4840189e+01  -2.8975444e-01   2.2884851e+02   5.5178865e+01   2.1870514e-01   8.1251521e-03   8.3830000e+03   3.5447879e+03
   1.6238054e+01   1.4992574e+01  -4.2269300e-01   2.2872092e+02   5.5022942e+01   2.1904455e-01   8.4853686e-03   8.4010000e+03   3.5453927e+03
   1.5826082e+01   1.5080643e+01  -6.3749405e-01   2.2830004e+02   5.4940815e+01   2.2197545e-01   8.5783053e-03   8.4080000e+03   3.5425470e+03
   1.5967810e+01   1.4898901e+01  -4.8454130e-01   2.2856692e+02   5.4283061e+01   2.2050168e-01   8.1917390e-03   8.4270000e+03   3.5427681e+03
   1.6133526e+01   1.4919981e+01  -1.8702414e-01   2.2837086e+02   5.5203574e+01   2.1793405e-01   7.8534254e-03   8.4310000e+03   3.5457504e+03
   1.5945082e+01   1.5020133e+01  -6.4902843e-01   2.2855077e+02   5.6167248e+01   2.2173717e-01   8.9953019e-03   8.5400000e+03   3.5442356e+03
   1.5606960e+01   1.4545389e+01  -4.3287796e-01   2.2858914e+02   5.5700657e+01   2.2036731e-01   8.1074418e-03   8.6790000e+03   3.5445745e+03
   1.5884872e+01   1.5018642e+01  -5.1775033e-01   2.2821069e+02   5.5908667e+01   2.2059618e-01   8.9081280e-03   8.6820000e+03   3.5440915e+03
   1.5567117e+01   1.4973378e+01  -6.9272971e-01   2.2816432e+02   5.5000017e+01   2.2338300e-01   8.4661551e-03   8.6830000e+03   3.5409146e+03
   1.6054502e+01   1.5202872e+01  -4.7541875e-01   2.2850110e+02   5.5192468e+01   2.2236062e-01   8.0504084e-03   8.7580000e+03   3.5404601e+03
   1.5736468e+01   1.4749538e+01  -3.5543060e-01   2.2848326e+02   5.5408097e+01   2.2026294e-01   7.8665224e-03   8.7590000e+03   3.5435425e+03
   1.6087508e+01   1.4361777e+01  -4.6935302e-02   2.2894100e+02   5.4722354e+01   2.1757738e-01   7.2079068e-03   8.7750000e+03   3.5431473e+03
   1.6182552e+01   1.4422684e+01  -4.6673323e-02   2.2886417e+02   5.4748276e+01   2.1744293e-01   7.2563237e-03   8.7930000e+03   3.5430832e+03
   1.6164961e+01   1.4395151e+01  -2.7007144e-01   2.2899964e+02   5.5346084e+01   2.1937122e-01   8.0297710e-03   8.8140000e+03   3.5432023e+03
   1.5770117e+01   1.4684622e+01  -5.5348985e-01   2.2875218e+02   5.4578967e+01   2.2155619e-01   8.0305114e-03   8.8200000e+03   3.5427147e+03
   1.5455790e+01   1.4670215e+01  -5.5589226e-01   2.2834192e+02   5.5197402e+01   2.2180398e-01   8.0504307e-03   8.8220000e+03   3.5432452e+03
   1.5815196e+01   1.4636683e+01  -5.5502757e-01   2.2888224e+02   5.5917228e+01   2.2175128e-01   8.4083623e-03   8.8710000e+03   3.5434167e+03
   1.5912714e+01   1.4775692e+01  -8.0507827e-01   2.2887341e+02   5.6218241e+01   2.2313409e-01   9.4708152e-03   8.9020000e+03   3.5428173e+03
   1.5561852e+01   1.5002591e+01  -5.8682241e-01   2.2801230e+02   5.6275756e+01   2.2268585e-01   8.5794389e-03   8.9110000e+03   3.5423552e+03
   1.5969692e+01   1.5029590e+01  -2.7902995e-01   2.2817935e+02   5.5954562e+01   2.1905666e-01   8.2793325e-03   8.9270000e+03   3.5447352e+03
   1.6423080e+01   1.5261530e+01  -3.1899792e-01   2.2826850e+02   5.6399007e+01   2.2063737e-01   8.2334551e-03   8.9360000e+03   3.5441705e+03
   1.6909304e+01   1.5090984e+01  -4.0116972e-01   2.2907843e+02   5.6318585e+01   2.2213962e-01   8.3725072e-03   8.9550000e+03   3.5422122e+03
   1.6449045e+01   1.4964938e+01  -2.3905469e-01   2.2885870e+02   5.6473300e+01   2.2005759e-01   8.3374002e-03   8.9820000e+03   3.5426045e+03
   1.6275870e+01   1.5244000e+01  -6.4107580e-01   2.2851287e+02   5.7018613e+01   2.2202118e-01   9.7955446e-03   8.9910000e+03   3.5429957e+03
   1.5855207e+01   1.5320416e+01  -7.8441449e-01   2.2814519e+02   5.6491866e+01   2.2383529e-01   9.3579507e-03   9.0290000e+03   3.5419757e+03
   1.5505836e+01   1.4945137e+01  -7.2115741e-01   2.2819764e+02   5.6991781e+01   2.2488844e-01   8.7918495e-03   9.0300000e+03   3.5406763e+03
   1.5446583e+01   1.4688622e+01  -5.5847578e-01   2.2823738e+02   5.7432956e+01   2.2434842e-01   8.6162952e-03   9.0470000e+03   3.5397567e+03
   1.5350225e+01   1.4476552e+01  -6.3661216e-01   2.2852980e+02   5.6773736e+01   2.2385923e-01   8.3454361e-03   9.0570000e+03   3.5419481e+03
   1.5575846e+01   1.4160423e+01  -2.5037040e-01   2.2889066e+02   5.6014083e+01   2.2021075e-01   7.6650418e-03   9.1200000e+03   3.5425346e+03
   1.5794959e+01   1.4526094e+01  -4.2638201e-01   2.2888920e+02   5.6345251e+01   2.2156086e-01   8.2898935e-03   9.1620000e+03   3.5421874e+03
   1.6065861e+01   1.4834689e+01  -4.4551293e-01   2.2860563e+02   5.7222702e+01   2.2123664e-01   9.3062226e-03   9.1630000e+03   3.5422319e+03
   1.5868994e+01   1.4609672e+01  -7.6938594e-01   2.2894891e+02   5.6546088e+01   2.2344922e-01   9.5068142e-03   9.2280000e+03   3.5417659e+03
   1.6026454e+01   1.4832163e+01  -6.2939750e-01   2.2887313e+02   5.5943992e+01   2.2131059e-01   8.9849315e-03   9.2360000e+03   3.5443054e+03
   1.6027696e+01   1.5235215e+01  -3.3109591e-01   2.2818420e+02   5.5090727e+01   2.2052049e-01   7.8304689e-03   9.2560000e+03   3.5424816e+03
   1.5963667e+01   1.4752135e+01  -4.3355735e-01   2.2857545e+02   5.5659114e+01   2.1906168e-01   8.8262559e-03   9.2680000e+03   3.5455452e+03
   1.6058707e+01   1.4304986e+01  -1.7592588e-01   2.2904165e+02   5.5889904e+01   2.1857000e-01   7.9427005e-03   9.3100000e+03   3.5435769e+03
   1.5768910e+01   1.4340793e+01  -2.7394944e-01   2.2866916e+02   5.5636722e+01   2.1884908e-01   8.1754466e-03   9.3250000e+03   3.5444736e+03
   1.6116282e+01   1.4640745e+01  -3.0809550e-01   2.2865629e+02   5.4982208e+01   2.1932410e-01   8.1501880e-03   9.3830000e+03   3.5436793e+03
   1.5822851e+01   1.4363448e+01  -5.6447399e-01   2.2916870e+02   5.5727280e+01   2.2163218e-01   8.4961552e-03   9.4060000e+03   3.5429921e+03
   1.6258181e+01   1.4587584e+01  -1.2354764e-01   2.2872370e+02   5.5516477e+01   2.1878076e-01   7.4403745e-03   9.4190000e+03   3.5433657e+03
   1.5996686e+01   1.4863732e+01  -5.5595929e-01   2.2871513e+02   5.4691470e+01   2.2058526e-01   8.4877200e-03   9.4200000e+03   3.5437659e+03
   1.6352170e+01   1.4926814e+01  -2.0447822e-01   2.2859259e+02   5.4388210e+01   2.1831799e-01   7.6659186e-03   9.4280000e+03   3.5449339e+03
   1.6594931e+01   1.5395958e+01  -6.4268631e-01   2.2883997e+02   5.4529731e+01   2.2069291e-01   9.2942455e-03   9.4660000e+03   3.5429364e+03
   1.6635683e+01   1.5224919e+01  -7.9488100e-01   2.2905543e+02   5.5355390e+01   2.2211624e-01   1.0052910e-02   9.4950000e+03   3.5423116e+03
   1.6689644e+01   1.5459602e+01  -4.9331588e-01   2.2870530e+02   5.6136631e+01   2.2012789e-01   9.1856880e-03   9.5090000e+03   3.5449006e+03
   1.6770438e+01   1.5517006e+01  -2.3678208e-01   2.2829746e+02   5.5717512e+01   2.1994987e-01   7.7927199e-03   9.5370000e+03   3.5450244e+03
   1.6381662e+01   1.5122103e+01  -3.1110167e-01   2.2864019e+02   5.5654640e+01   2.1881001e-01   8.3736594e-03   9.5520000e+03   3.5454096e+03
   1.6145143e+01   1.4715494e+01  -2.4169205e-01   2.2875821e+02   5.5872439e+01   2.1837547e-01   8.2205904e-03   9.5550000e+03   3.5456168e+03
   1.5968251e+01   1.4244944e+01  -2.9962154e-01   2.2914181e+02   5.5512200e+01   2.1908243e-01   8.1914867e-03   9.5840000e+03   3.5435272e+03
   1.6107980e+01   1.4430473e+01  -1.8376691e-01   2.2901311e+02   5.6150111e+01   2.1898305e-01   8.0281594e-03   9.6370000e+03   3.5432831e+03
   1.5935325e+01   1.4646022e+01  -6.3416074e-01   2.2909277e+02   5.6322123e+01   2.2317190e-01   8.7297943e-03   9.6590000e+03   3.5415283e+03
   1.6383341e+01   1.4850391e+01  -6.8844866e-01   2.2940583e+02   5.6095877e+01   2.2349561e-01   9.3111810e-03   9.6600000e+03   3.5399074e+03
   1.6850643e+01   1.5212539e+01  -3.1732238e-01   2.2895019e+02   5.6170045e+01   2.2021135e-01   8.2926184e-03   9.6660000e+03   3.5445833e+03
   1.6545720e+01   1.5254412e+01  -3.4871472e-01   2.2864398e+02   5.5580939e+01   2.1880864e-01   8.4756944e-03   9.6730000e+03   3.5461359e+03
   1.6598684e+01   1.5098671e+01  -2.0322109e-01   2.2881867e+02   5.5399570e+01   2.1866851e-01   7.9140019e-03   9.7380000e+03   3.5448728e+03
   1.6758094e+01   1.5274151e+01  -4.7365642e-01   2.2898733e+02   5.6349113e+01   2.2078113e-01   9.0743485e-03   9.7830000e+03   3.5437559e+03
   1.6529804e+01   1.5007613e+01  -2.0912171e-01   2.2895576e+02   5.5466131e+01   2.1966915e-01   7.9635849e-03   9.8040000e+03   3.5421704e+03
   1.6180765e+01   1.5261674e+01  -4.3662957e-01   2.2827014e+02   5.5009853e+01   2.1966150e-01   8.4611274e-03   9.8060000e+03   3.5446087e+03
   1.6507380e+01   1.5193584e+01  -6.2805163e-01   2.2894562e+02   5.4922924e+01   2.2032284e-01   9.2950810e-03   9.8300000e+03   3.5441028e+03
   1.6966720e+01   1.5379791e+01  -4.9946711e-01   2.2900474e+02   5.4761989e+01   2.2045791e-01   8.6684499e-03   9.8470000e+03   3.5439882e+03
   1.6682918e+01   1.5519352e+01  -5.6045098e-01   2.2852691e+02   5.5483179e+01   2.2045283e-01   9.1155296e-03   9.8760000e+03   3.5449741e+03
   1.6632395e+01   1.5374628e+01  -4.7184216e-01   2.2842741e+02   5.5888695e+01   2.2186564e-01   8.5559759e-03   9.9300000e+03   3.5429237e+03
   1.6982774e+01   1.5602738e+01  -7.2975166e-01   2.2887728e+02   5.5368216e+01   2.2222659e-01   9.7467677e-03   9.9430000e+03   3.5425694e+03
   1.6801425e+01   1.5111634e+01  -4.1631557e-01   2.2889614e+02   5.5693631e+01   2.2174627e-01   8.2727264e-03   9.9480000e+03   3.5426664e+03
   1.6793787e+01   1.4803871e+01  -3.2133779e-01   2.2944146e+02   5.5795816e+01   2.2091361e-01   8.2045853e-03   9.9550000e+03   3.5417489e+03
   1.6395990e+01   1.5021861e+01  -6.7080375e-01   2.2896194e+02   5.6195446e+01   2.2098296e-01   9.8548361e-03   9.9630000e+03   3.5441031e+03
   1.6845594e+01   1.5338166e+01  -6.9206035e-01   2.2913827e+02   5.5649624e+01   2.2134020e-01   9.7396029e-03   9.9680000e+03   3.5437415e+03
