   4.4824906e+01   3.5375163e+01  -7.0630750e+01   1.3036512e+02  -2.4008924e-02  -6.2413752e-01  -1.1147722e-01   7.7332088e-01   6.4198103e-03
   4.4789338e+01   3.5375163e+01  -7.3871827e+01   1.3036512e+02  -1.9106993e-02  -6.2157129e-01  -1.1124846e-01   7.7541789e-01   6.4198103e-03
   4.4753771e+01   3.5375163e+01  -7.7112804e+01   1.3036512e+02  -1.4689656e-02  -6.1898906e-01  -1.1101497e-01   7.7751413e-01   6.4198103e-03
   4.4718204e+01   3.5375163e+01  -8.0353771e+01   1.3036512e+02  -1.2232620e-02  -6.1639291e-01  -1.1077742e-01   7.7960768e-01   6.4198103e-03
   4.4700420e+01   3.5215094e+01  -8.2135309e+01   1.1260658e+02  -9.7879358e-03  -6.1252283e-01  -1.1046454e-01   7.8269621e-01   6.4198103e-03
   4.4415881e+01   3.5215094e+01  -1.0811379e+02   1.1260658e+02   2.8083552e-03  -5.9084543e-01  -1.0830344e-01   7.9948236e-01   6.4198103e-03
   4.5127229e+01   3.5357378e+01  -4.3091141e+01   1.2839197e+02  -2.2151261e-02  -6.4499583e-01  -1.1321602e-01   7.5575294e-01   6.4198103e-03
   4.4984959e+01   3.4930527e+01  -5.6350757e+01   8.1037025e+01  -2.1583312e-02  -6.2877406e-01  -1.1204431e-01   7.6947336e-01   6.4198103e-03
   4.5269498e+01   3.4930527e+01  -3.0281105e+01   8.1037025e+01  -3.1689014e-02  -6.4853575e-01  -1.1367789e-01   7.5264780e-01   6.4198103e-03
   4.5198363e+01   3.4717102e+01  -3.6893281e+01   5.7360871e+01  -2.6981036e-02  -6.4058937e-01  -1.1313563e-01   7.5950351e-01   6.4198103e-03
   4.5340633e+01   3.4717102e+01  -2.3824783e+01   5.7360871e+01  -1.3015665e-02  -6.5031037e-01  -1.1391256e-01   7.5107946e-01   6.4198103e-03
   4.5340633e+01   3.4574819e+01  -2.3865371e+01   4.1577272e+01  -7.7935870e-03  -6.4829176e-01  -1.1382043e-01   7.5283643e-01   6.4198103e-03
   4.5198363e+01   3.4574819e+01  -3.6956132e+01   4.1577272e+01  -1.4907301e-02  -6.3849875e-01  -1.1302077e-01   7.6127896e-01   6.4198103e-03
   4.4984959e+01   3.4645961e+01  -5.6543957e+01   4.9469080e+01  -1.0975110e-02  -6.2440358e-01  -1.1175685e-01   7.7306570e-01   6.4198103e-03
   4.4558150e+01   3.4788244e+01  -9.5618300e+01   6.5252866e+01  -4.5477220e-03  -5.9464710e-01  -1.0880217e-01   7.9659080e-01   6.4198103e-03
   4.5696307e+01   3.5357378e+01   8.7780207e+00   1.2839197e+02  -1.7670970e-02  -6.8160318e-01  -1.1565289e-01   7.2252440e-01   6.4198103e-03
   4.6123116e+01   3.5499661e+01   4.7596337e+01   1.4417763e+02   4.3494354e-03  -7.0810798e-01  -1.1675105e-01   6.9638516e-01   6.4198103e-03
   4.6123116e+01   3.5215094e+01   4.7763048e+01   1.1260658e+02   4.0606566e-02  -7.0491791e-01  -1.1684265e-01   6.9959884e-01   6.4198103e-03
   4.6016414e+01   3.5037240e+01   3.8103158e+01   9.2875473e+01   6.9436582e-02  -6.9676402e-01  -1.1662273e-01   7.0775634e-01   6.4198103e-03
   4.6087548e+01   3.5037240e+01   4.4612089e+01   9.2875473e+01   8.9743859e-02  -7.0086737e-01  -1.1680484e-01   7.0366295e-01   6.4198103e-03
   4.6087548e+01   3.4966098e+01   4.4650585e+01   8.4983151e+01   9.4986008e-02  -7.0004638e-01  -1.1681941e-01   7.0447732e-01   6.4198103e-03
   4.5998630e+01   3.4983884e+01   3.6499488e+01   8.6956278e+01   6.5755447e-02  -6.9510177e-01  -1.1658186e-01   7.0939565e-01   6.4198103e-03
   4.6034197e+01   3.4983884e+01   3.9756065e+01   8.6956278e+01   7.9999075e-02  -6.9717159e-01  -1.1667813e-01   7.0734573e-01   6.4198103e-03
   4.6034197e+01   3.4948313e+01   3.9773192e+01   8.3010140e+01   8.2392798e-02  -6.9675478e-01  -1.1668318e-01   7.0775548e-01   6.4198103e-03
   4.5998630e+01   3.4948313e+01   3.6515211e+01   8.3010140e+01   5.8433283e-02  -6.9468120e-01  -1.1658568e-01   7.0980688e-01   6.4198103e-03
   4.6194250e+01   3.5001669e+01   5.4399005e+01   8.8929300e+01   7.9846888e-02  -7.0651637e-01  -1.1706076e-01   6.9794799e-01   6.4198103e-03
   4.6194250e+01   3.4859386e+01   5.4492679e+01   7.3144954e+01   9.5755316e-02  -7.0491148e-01  -1.1710155e-01   6.9956203e-01   6.4198103e-03
   4.5998630e+01   3.4912742e+01   3.6530921e+01   7.9064026e+01   6.4489353e-02  -6.9425966e-01  -1.1658946e-01   7.1021857e-01   6.4198103e-03
   4.6034197e+01   3.4912742e+01   3.9790303e+01   7.9064026e+01   8.7729500e-02  -6.9633696e-01  -1.1668815e-01   7.0816573e-01   6.4198103e-03
   4.6034197e+01   3.4877171e+01   3.9807398e+01   7.5117935e+01   9.4801485e-02  -6.9591839e-01  -1.1669272e-01   7.0857632e-01   6.4198103e-03
   4.5998630e+01   3.4877171e+01   3.6546616e+01   7.5117935e+01   6.1138505e-02  -6.9383733e-01  -1.1659284e-01   7.1063062e-01   6.4198103e-03
   4.6069765e+01   3.4912742e+01   4.3049771e+01   7.9064026e+01   1.0339729e-01  -6.9840165e-01  -1.1678339e-01   7.0611385e-01   6.4198103e-03
   4.6105332e+01   3.4912742e+01   4.6309143e+01   7.9064026e+01   1.0420914e-01  -7.0045385e-01  -1.1687512e-01   7.0406293e-01   6.4198103e-03
   4.6105332e+01   3.4877171e+01   4.6329039e+01   7.5117935e+01   1.0862778e-01  -7.0004269e-01  -1.1688207e-01   7.0447059e-01   6.4198103e-03
   4.6069765e+01   3.4877171e+01   4.3068267e+01   7.5117935e+01   1.0436728e-01  -6.9798680e-01  -1.1678913e-01   7.0652299e-01   6.4198103e-03
   4.6069765e+01   3.4841600e+01   4.3086747e+01   7.1171868e+01   1.0928749e-01  -6.9757119e-01  -1.1679463e-01   7.0693242e-01   6.4198103e-03
   4.6105332e+01   3.4841600e+01   4.6348918e+01   7.1171868e+01   1.0344188e-01  -6.9963082e-01  -1.1688858e-01   7.0487855e-01   6.4198103e-03
   4.6105332e+01   3.4806029e+01   4.6368778e+01   6.7225823e+01   1.0305671e-01  -6.9921800e-01  -1.1689500e-01   7.0528700e-01   6.4198103e-03
   4.6069765e+01   3.4806029e+01   4.3105209e+01   6.7225823e+01   1.0249890e-01  -6.9715470e-01  -1.1679975e-01   7.0734231e-01   6.4198103e-03
   4.5998630e+01   3.4841600e+01   3.6562297e+01   7.1171868e+01   6.0423352e-02  -6.9341421e-01  -1.1659584e-01   7.1104300e-01   6.4198103e-03
   4.6034197e+01   3.4841600e+01   3.9824478e+01   7.1171868e+01   8.9169314e-02  -6.9549903e-01  -1.1669702e-01   7.0898724e-01   6.4198103e-03
   4.6034197e+01   3.4806029e+01   3.9841543e+01   6.7225823e+01   8.8336573e-02  -6.9507882e-01  -1.1670094e-01   7.0939857e-01   6.4198103e-03
   4.5998630e+01   3.4806029e+01   3.6577964e+01   6.7225823e+01   6.3411845e-02  -6.9299018e-01  -1.1659871e-01   7.1145579e-01   6.4198103e-03
   4.6283169e+01   3.4806029e+01   6.2686711e+01   6.7225823e+01   4.6698425e-02  -7.0930930e-01  -1.1731384e-01   6.9506674e-01   6.4198103e-03
   4.6283169e+01   3.4770459e+01   6.2713535e+01   6.3279914e+01   4.9087495e-02  -7.0891377e-01  -1.1732577e-01   6.9546814e-01   6.4198103e-03
   4.6283169e+01   3.4734888e+01   6.2740336e+01   5.9333916e+01   6.0343226e-02  -7.0851750e-01  -1.1733737e-01   6.9586988e-01   6.4198103e-03
   4.6300953e+01   3.4681531e+01   6.4414744e+01   5.3414909e+01   2.9136648e-02  -7.0891651e-01  -1.1739288e-01   6.9545402e-01   6.4198103e-03
   4.6300953e+01   3.4610390e+01   6.4469590e+01   4.5523165e+01   1.5500309e-02  -7.0812278e-01  -1.1741564e-01   6.9625835e-01   6.4198103e-03
   4.6300953e+01   3.4539248e+01   6.4524336e+01   3.7631403e+01  -5.3301890e-03  -7.0732583e-01  -1.1743708e-01   6.9706434e-01   6.4198103e-03
   4.5998630e+01   3.4770459e+01   3.6593615e+01   6.3279914e+01   6.6252000e-02  -6.9256533e-01  -1.1660102e-01   7.1186900e-01   6.4198103e-03
   4.6034197e+01   3.4770459e+01   3.9858591e+01   6.3279914e+01   8.3977542e-02  -6.9465768e-01  -1.1670462e-01   7.0981036e-01   6.4198103e-03
   4.6034197e+01   3.4734888e+01   3.9875625e+01   5.9333916e+01   7.6097885e-02  -6.9423573e-01  -1.1670791e-01   7.1022251e-01   6.4198103e-03
   4.5998630e+01   3.4734888e+01   3.6609254e+01   5.9333916e+01   7.5016355e-02  -6.9213959e-01  -1.1660311e-01   7.1228260e-01   6.4198103e-03
   4.6069765e+01   3.4770459e+01   4.3123654e+01   6.3279914e+01   9.5803829e-02  -6.9673733e-01  -1.1680462e-01   7.0775263e-01   6.4198103e-03
   4.6105332e+01   3.4770459e+01   4.6388620e+01   6.3279914e+01   9.7687632e-02  -6.9880438e-01  -1.1690105e-01   7.0569581e-01   6.4198103e-03
   4.6105332e+01   3.4734888e+01   4.6408444e+01   5.9333916e+01   8.6588762e-02  -6.9838993e-01  -1.1690687e-01   7.0610502e-01   6.4198103e-03
   4.6069765e+01   3.4734888e+01   4.3142083e+01   5.9333916e+01   8.8117862e-02  -6.9631918e-01  -1.1680910e-01   7.0816328e-01   6.4198103e-03
   4.6069765e+01   3.4699317e+01   4.3160495e+01   5.5387942e+01   7.3390924e-02  -6.9590015e-01  -1.1681338e-01   7.0857435e-01   6.4198103e-03
   4.6105332e+01   3.4699317e+01   4.6428250e+01   5.5387942e+01   7.4294541e-02  -6.9797467e-01  -1.1691225e-01   7.0651460e-01   6.4198103e-03
   4.6105332e+01   3.4663746e+01   4.6448038e+01   5.1441992e+01   6.3106277e-02  -6.9755861e-01  -1.1691730e-01   7.0692456e-01   6.4198103e-03
   4.6069765e+01   3.4663746e+01   4.3178890e+01   5.1441992e+01   4.5417072e-02  -6.9548031e-01  -1.1681729e-01   7.0898579e-01   6.4198103e-03
   4.5998630e+01   3.4699317e+01   3.6624877e+01   5.5387942e+01   8.5230434e-02  -6.9171305e-01  -1.1660494e-01   7.1269654e-01   6.4198103e-03
   4.6034197e+01   3.4699317e+01   3.9892643e+01   5.5387942e+01   7.3799624e-02  -6.9381294e-01  -1.1671110e-01   7.1063501e-01   6.4198103e-03
   4.6034197e+01   3.4663746e+01   3.9909645e+01   5.1441992e+01   7.1820379e-02  -6.9338936e-01  -1.1671358e-01   7.1104792e-01   6.4198103e-03
   4.5998630e+01   3.4663746e+01   3.6640487e+01   5.1441992e+01   9.9504988e-02  -6.9128557e-01  -1.1660651e-01   7.1311091e-01   6.4198103e-03
   4.6194250e+01   3.4717102e+01   5.4586014e+01   5.7360871e+01   7.1089579e-02  -7.0329363e-01  -1.1713776e-01   7.0118244e-01   6.4198103e-03
   4.6194250e+01   3.4574819e+01   5.4679008e+01   4.1577272e+01  -9.6832304e-03  -7.0166281e-01  -1.1716904e-01   7.0280916e-01   6.4198103e-03
   4.5998630e+01   3.4628175e+01   3.6656082e+01   4.7496064e+01   1.0741608e-01  -6.9085730e-01  -1.1660756e-01   7.1352566e-01   6.4198103e-03
   4.6034197e+01   3.4628175e+01   3.9926632e+01   4.7496064e+01   7.3450412e-02  -6.9296485e-01  -1.1671609e-01   7.1146123e-01   6.4198103e-03
   4.6034197e+01   3.4592604e+01   3.9943603e+01   4.3550160e+01   4.4264332e-02  -6.9253954e-01  -1.1671811e-01   7.1187489e-01   6.4198103e-03
   4.5998630e+01   3.4592604e+01   3.6671663e+01   4.3550160e+01   1.0405814e-01  -6.9042814e-01  -1.1660849e-01   7.1394079e-01   6.4198103e-03
   4.6087548e+01   3.4610390e+01   4.4842023e+01   4.5523165e+01   8.0881534e-04  -6.9589161e-01  -1.1687386e-01   7.0857277e-01   6.4198103e-03
   4.6087548e+01   3.4539248e+01   4.4880101e+01   3.7631403e+01  -2.1103507e-02  -6.9505060e-01  -1.1688107e-01   7.0939656e-01   6.4198103e-03
   4.6016414e+01   3.4539248e+01   3.8332066e+01   3.7631403e+01   2.7157267e-02  -6.9084206e-01  -1.1666531e-01   7.1353097e-01   6.4198103e-03
   4.5482903e+01   3.5001669e+01  -1.0719388e+01   8.8929300e+01  -2.1922572e-02  -6.6361758e-01  -1.1474159e-01   7.3921991e-01   6.4198103e-03
   4.5589605e+01   3.5037240e+01  -9.5117713e-01   9.2875473e+01  -4.3454750e-02  -6.7090336e-01  -1.1520261e-01   7.3254149e-01   6.4198103e-03
   4.5660740e+01   3.5037240e+01   5.5579120e+00   9.2875473e+01  -6.2960819e-02  -6.7536686e-01  -1.1547987e-01   7.2838452e-01   6.4198103e-03
   4.5642956e+01   3.4983884e+01   3.9331614e+00   8.6956278e+01  -3.1500375e-02  -6.7356704e-01  -1.1539977e-01   7.3006187e-01   6.4198103e-03
   4.5678523e+01   3.4983884e+01   7.1897664e+00   8.6956278e+01  -5.7109252e-02  -6.7578876e-01  -1.1553590e-01   7.2798421e-01   6.4198103e-03
   4.5678523e+01   3.4948313e+01   7.1928637e+00   8.3010140e+01  -4.7427584e-04  -6.7533298e-01  -1.1552885e-01   7.2840817e-01   6.4198103e-03
   4.5642956e+01   3.4948313e+01   3.9348557e+00   8.3010140e+01   1.6236146e-02  -6.7310719e-01  -1.1539114e-01   7.3048723e-01   6.4198103e-03
   4.5589605e+01   3.4966098e+01  -9.5199791e-01   8.4983151e+01  -2.5171687e-04  -6.6997321e-01  -1.1518217e-01   7.3339550e-01   6.4198103e-03
   4.5571821e+01   3.4912742e+01  -2.5823634e+00   7.9064026e+01   5.3298945e-02  -6.6814069e-01  -1.1509191e-01   7.3507950e-01   6.4198103e-03
   4.5607389e+01   3.4912742e+01   6.7713842e-01   7.9064026e+01   7.2673828e-02  -6.7040410e-01  -1.1523949e-01   7.3299263e-01   6.4198103e-03
   4.5607389e+01   3.4877171e+01   6.7742934e-01   7.5117935e+01   1.3669545e-01  -6.6993823e-01  -1.1522921e-01   7.3342007e-01   6.4198103e-03
   4.5571821e+01   3.4877171e+01  -2.5834729e+00   7.5117935e+01   9.8052313e-02  -6.6767076e-01  -1.1508000e-01   7.3550822e-01   6.4198103e-03
   4.5642956e+01   3.4912742e+01   3.9365485e+00   7.9064026e+01   8.6905133e-02  -6.7264646e-01  -1.1538221e-01   7.3091291e-01   6.4198103e-03
   4.5678523e+01   3.4912742e+01   7.1959581e+00   7.9064026e+01   8.8994101e-02  -6.7487628e-01  -1.1552121e-01   7.2883253e-01   6.4198103e-03
   4.5678523e+01   3.4877171e+01   7.1990498e+00   7.5117935e+01   1.9614262e-01  -6.7441868e-01  -1.1551317e-01   7.2925726e-01   6.4198103e-03
   4.5642956e+01   3.4877171e+01   3.9382398e+00   7.5117935e+01   1.6928366e-01  -6.7218476e-01  -1.1537306e-01   7.3133898e-01   6.4198103e-03
   4.5642956e+01   3.4841600e+01   3.9399295e+00   7.1171868e+01   2.4910315e-01  -6.7172219e-01  -1.1536332e-01   7.3176541e-01   6.4198103e-03
   4.5678523e+01   3.4841600e+01   7.2021386e+00   7.1171868e+01   2.9587332e-01  -6.7396018e-01  -1.1550501e-01   7.2968230e-01   6.4198103e-03
   4.5678523e+01   3.4806029e+01   7.2052246e+00   6.7225823e+01   3.8242580e-01  -6.7350077e-01  -1.1549631e-01   7.3010774e-01   6.4198103e-03
   4.5642956e+01   3.4806029e+01   3.9416177e+00   6.7225823e+01   3.1513637e-01  -6.7125866e-01  -1.1535345e-01   7.3219218e-01   6.4198103e-03
   4.5571821e+01   3.4841600e+01  -2.5845813e+00   7.1171868e+01   1.4263052e-01  -6.6719990e-01  -1.1506782e-01   7.3593729e-01   6.4198103e-03
   4.5607389e+01   3.4841600e+01   6.7772000e-01   7.1171868e+01   1.9600279e-01  -6.6947158e-01  -1.1521802e-01   7.3384781e-01   6.4198103e-03
   4.5607389e+01   3.4806029e+01   6.7801039e-01   6.7225823e+01   2.4469228e-01  -6.6900395e-01  -1.1520688e-01   7.3427589e-01   6.4198103e-03
   4.5571821e+01   3.4806029e+01  -2.5856888e+00   6.7225823e+01   1.8223919e-01  -6.6672812e-01  -1.1505525e-01   7.3636669e-01   6.4198103e-03
   4.5447335e+01   3.4894957e+01  -1.3993437e+01   7.7091033e+01   5.2888798e-03  -6.5986321e-01  -1.1453486e-01   7.4260508e-01   6.4198103e-03
   4.5518470e+01   3.4894957e+01  -7.4731291e+00   7.7091033e+01   4.5151269e-02  -6.6448213e-01  -1.1485609e-01   7.3842507e-01   6.4198103e-03
   4.5518470e+01   3.4823815e+01  -7.4795433e+00   6.9198898e+01   9.3278961e-02  -6.6352774e-01  -1.1482779e-01   7.3928717e-01   6.4198103e-03
   4.5447335e+01   3.4823815e+01  -1.4005448e+01   6.9198898e+01   2.3458842e-02  -6.5889184e-01  -1.1450111e-01   7.4347229e-01   6.4198103e-03
   4.5731874e+01   3.5037240e+01   1.2066907e+01   9.2875473e+01  -8.6117020e-02  -6.7976512e-01  -1.1574038e-01   7.2423998e-01   6.4198103e-03
   4.5803009e+01   3.5037240e+01   1.8575987e+01   9.2875473e+01  -8.3192962e-02  -6.8410354e-01  -1.1598452e-01   7.2010411e-01   6.4198103e-03
   4.5785225e+01   3.4983884e+01   1.6959666e+01   8.6956278e+01  -1.2806417e-01  -6.8236144e-01  -1.1592046e-01   7.2176541e-01   6.4198103e-03
   4.5820793e+01   3.4983884e+01   2.0216357e+01   8.6956278e+01  -1.1565281e-01  -6.8452210e-01  -1.1604067e-01   7.1969720e-01   6.4198103e-03
   4.5820793e+01   3.4948313e+01   2.0225066e+01   8.3010140e+01  -1.1688448e-01  -6.8408232e-01  -1.1603845e-01   7.2011559e-01   6.4198103e-03
   4.5785225e+01   3.4948313e+01   1.6966972e+01   8.3010140e+01  -1.1694870e-01  -6.8191768e-01  -1.1591719e-01   7.2218522e-01   6.4198103e-03
   4.5714091e+01   3.4983884e+01   1.0446462e+01   8.6956278e+01  -6.8111366e-02  -6.7799621e-01  -1.1566835e-01   7.2590768e-01   6.4198103e-03
   4.5749658e+01   3.4983884e+01   1.3703065e+01   8.6956278e+01  -8.8760421e-02  -6.8018493e-01  -1.1579639e-01   7.2383676e-01   6.4198103e-03
   4.5749658e+01   3.4948313e+01   1.3708968e+01   8.3010140e+01  -4.3036051e-02  -6.7973718e-01  -1.1579169e-01   7.2425800e-01   6.4198103e-03
   4.5714091e+01   3.4948313e+01   1.0450962e+01   8.3010140e+01  -2.0227206e-02  -6.7754444e-01  -1.1566255e-01   7.2633030e-01   6.4198103e-03
   4.5874144e+01   3.5037240e+01   2.5085058e+01   9.2875473e+01  -3.3152801e-02  -6.8838366e-01  -1.1621304e-01   7.1597658e-01   6.4198103e-03
   4.5945279e+01   3.5037240e+01   3.1594116e+01   9.2875473e+01   2.7864100e-02  -6.9260437e-01  -1.1642590e-01   7.1185967e-01   6.4198103e-03
   4.5927495e+01   3.4983884e+01   2.9986228e+01   8.6956278e+01  -5.0999646e-03  -6.9091307e-01  -1.1637698e-01   7.1350930e-01   6.4198103e-03
   4.5963062e+01   3.4983884e+01   3.3242814e+01   8.6956278e+01   3.6799234e-02  -6.9301335e-01  -1.1648099e-01   7.1145251e-01   6.4198103e-03
   4.5963062e+01   3.4948313e+01   3.3257135e+01   8.3010140e+01   2.6937892e-02  -6.9258897e-01  -1.1648379e-01   7.1186519e-01   6.4198103e-03
   4.5927495e+01   3.4948313e+01   2.9999146e+01   8.3010140e+01  -1.7511816e-02  -6.9048491e-01  -1.1637843e-01   7.1392342e-01   6.4198103e-03
   4.5856360e+01   3.4983884e+01   2.3472953e+01   8.6956278e+01  -8.9144834e-02  -6.8666620e-01  -1.1615655e-01   7.1763304e-01   6.4198103e-03
   4.5891928e+01   3.4983884e+01   2.6729638e+01   8.6956278e+01  -5.5217350e-02  -6.8879824e-01  -1.1626887e-01   7.1556868e-01   6.4198103e-03
   4.5891928e+01   3.4948313e+01   2.6741153e+01   8.3010140e+01  -6.8474768e-02  -6.8836622e-01  -1.1626915e-01   7.1598424e-01   6.4198103e-03
   4.5856360e+01   3.4948313e+01   2.3483065e+01   8.3010140e+01  -9.8284100e-02  -6.8623034e-01  -1.1615542e-01   7.1805003e-01   6.4198103e-03
   4.5856360e+01   3.4912742e+01   2.3493168e+01   7.9064026e+01  -6.8614660e-02  -6.8579346e-01  -1.1615419e-01   7.1846749e-01   6.4198103e-03
   4.5891928e+01   3.4912742e+01   2.6752657e+01   7.9064026e+01  -5.8473532e-02  -6.8793327e-01  -1.1626911e-01   7.1640024e-01   6.4198103e-03
   4.5891928e+01   3.4877171e+01   2.6764151e+01   7.5117935e+01  -1.5638856e-02  -6.8749946e-01  -1.1626887e-01   7.1681660e-01   6.4198103e-03
   4.5856360e+01   3.4877171e+01   2.3503261e+01   7.5117935e+01   2.6239512e-05  -6.8535577e-01  -1.1615270e-01   7.1888526e-01   6.4198103e-03
   4.5927495e+01   3.4912742e+01   3.0012052e+01   7.9064026e+01  -2.1305473e-02  -6.9005577e-01  -1.1637963e-01   7.1433802e-01   6.4198103e-03
   4.5963062e+01   3.4912742e+01   3.3271443e+01   7.9064026e+01   2.2355642e-02  -6.9216368e-01  -1.1648622e-01   7.1227832e-01   6.4198103e-03
   4.5963062e+01   3.4877171e+01   3.3285737e+01   7.5117935e+01   2.2771584e-02  -6.9173757e-01  -1.1648840e-01   7.1269179e-01   6.4198103e-03
   4.5927495e+01   3.4877171e+01   3.0024946e+01   7.5117935e+01  -6.4554992e-03  -6.8962586e-01  -1.1638045e-01   7.1475294e-01   6.4198103e-03
   4.5927495e+01   3.4841600e+01   3.0037829e+01   7.1171868e+01   2.2964815e-02  -6.8919507e-01  -1.1638116e-01   7.1516822e-01   6.4198103e-03
   4.5963062e+01   3.4841600e+01   3.3300019e+01   7.1171868e+01   3.2653788e-02  -6.9131063e-01  -1.1649014e-01   7.1310564e-01   6.4198103e-03
   4.5963062e+01   3.4806029e+01   3.3314288e+01   6.7225823e+01   4.8721872e-02  -6.9088279e-01  -1.1649169e-01   7.1351990e-01   6.4198103e-03
   4.5927495e+01   3.4806029e+01   3.0050700e+01   6.7225823e+01   4.8666559e-02  -6.8876341e-01  -1.1638133e-01   7.1558393e-01   6.4198103e-03
   4.5856360e+01   3.4841600e+01   2.3513345e+01   7.1171868e+01   8.6967234e-02  -6.8491725e-01  -1.1615082e-01   7.1930338e-01   6.4198103e-03
   4.5891928e+01   3.4841600e+01   2.6775635e+01   7.1171868e+01   3.9481302e-02  -6.8706485e-01  -1.1626807e-01   7.1723331e-01   6.4198103e-03
   4.5891928e+01   3.4806029e+01   2.6787108e+01   6.7225823e+01   1.0368957e-01  -6.8662929e-01  -1.1626713e-01   7.1765045e-01   6.4198103e-03
   4.5856360e+01   3.4806029e+01   2.3523421e+01   6.7225823e+01   1.7998655e-01  -6.8447781e-01  -1.1614850e-01   7.1972193e-01   6.4198103e-03
   4.5714091e+01   3.4912742e+01   1.0455458e+01   7.9064026e+01   7.1284411e-02  -6.7709183e-01  -1.1565620e-01   7.2675325e-01   6.4198103e-03
   4.5749658e+01   3.4912742e+01   1.3714866e+01   7.9064026e+01   4.0473227e-02  -6.7928855e-01  -1.1578640e-01   7.2467963e-01   6.4198103e-03
   4.5749658e+01   3.4877171e+01   1.3720758e+01   7.5117935e+01   1.6682685e-01  -6.7883898e-01  -1.1578120e-01   7.2510162e-01   6.4198103e-03
   4.5714091e+01   3.4877171e+01   1.0459950e+01   7.5117935e+01   2.1174061e-01  -6.7663824e-01  -1.1564959e-01   7.2717664e-01   6.4198103e-03
   4.5785225e+01   3.4912742e+01   1.6974271e+01   7.9064026e+01  -3.7356591e-02  -6.8147296e-01  -1.1591331e-01   7.2260550e-01   6.4198103e-03
   4.5820793e+01   3.4912742e+01   2.0233767e+01   7.9064026e+01  -6.9649199e-02  -6.8364155e-01  -1.1603586e-01   7.2053446e-01   6.4198103e-03
   4.5820793e+01   3.4877171e+01   2.0242460e+01   7.5117935e+01   2.8987598e-02  -6.8319991e-01  -1.1603315e-01   7.2095366e-01   6.4198103e-03
   4.5785225e+01   3.4877171e+01   1.6981564e+01   7.5117935e+01   9.8819267e-02  -6.8102742e-01  -1.1590921e-01   7.2302607e-01   6.4198103e-03
   4.5785225e+01   3.4841600e+01   1.6988850e+01   7.1171868e+01   1.5886591e-01  -6.8058098e-01  -1.1590485e-01   7.2344702e-01   6.4198103e-03
   4.5820793e+01   3.4841600e+01   2.0251145e+01   7.1171868e+01   1.5084752e-01  -6.8275747e-01  -1.1602989e-01   7.2137320e-01   6.4198103e-03
   4.5820793e+01   3.4806029e+01   2.0259822e+01   6.7225823e+01   2.7428905e-01  -6.8231417e-01  -1.1602634e-01   7.2179309e-01   6.4198103e-03
   4.5785225e+01   3.4806029e+01   1.6996130e+01   6.7225823e+01   3.6384562e-01  -6.8013367e-01  -1.1590005e-01   7.2386834e-01   6.4198103e-03
   4.5714091e+01   3.4841600e+01   1.0464438e+01   7.1171868e+01   3.2773269e-01  -6.7618379e-01  -1.1564254e-01   7.2760036e-01   6.4198103e-03
   4.5749658e+01   3.4841600e+01   1.3726645e+01   7.1171868e+01   2.8851225e-01  -6.7838857e-01  -1.1577546e-01   7.2552394e-01   6.4198103e-03
   4.5749658e+01   3.4806029e+01   1.3732527e+01   6.7225823e+01   4.2205184e-01  -6.7793727e-01  -1.1576956e-01   7.2594660e-01   6.4198103e-03
   4.5714091e+01   3.4806029e+01   1.0468922e+01   6.7225823e+01   4.1797104e-01  -6.7572852e-01  -1.1563523e-01   7.2802436e-01   6.4198103e-03
   4.5731874e+01   3.4752673e+01   1.2108444e+01   6.1306857e+01   5.5319561e-01  -6.7615284e-01  -1.1569213e-01   7.2762124e-01   6.4198103e-03
   4.5785225e+01   3.4770459e+01   1.7003403e+01   6.3279914e+01   4.8037438e-01  -6.7968544e-01  -1.1589489e-01   7.2429005e-01   6.4198103e-03
   4.5820793e+01   3.4770459e+01   2.0268492e+01   6.3279914e+01   3.8138084e-01  -6.8186983e-01  -1.1602271e-01   7.2221345e-01   6.4198103e-03
   4.5820793e+01   3.4734888e+01   2.0277153e+01   5.9333916e+01   4.6166282e-01  -6.8142467e-01  -1.1601863e-01   7.2263414e-01   6.4198103e-03
   4.5785225e+01   3.4734888e+01   1.7010669e+01   5.9333916e+01   5.7643503e-01  -6.7923630e-01  -1.1588959e-01   7.2471212e-01   6.4198103e-03
   4.5785225e+01   3.4699317e+01   1.7017928e+01   5.5387942e+01   6.8470246e-01  -6.7878623e-01  -1.1588386e-01   7.2513460e-01   6.4198103e-03
   4.5820793e+01   3.4699317e+01   2.0285807e+01   5.5387942e+01   5.5930077e-01  -6.8097865e-01  -1.1601402e-01   7.2305521e-01   6.4198103e-03
   4.5820793e+01   3.4663746e+01   2.0294453e+01   5.1441992e+01   6.4090821e-01  -6.8053173e-01  -1.1600929e-01   7.2347661e-01   6.4198103e-03
   4.5785225e+01   3.4663746e+01   1.7025181e+01   5.1441992e+01   7.9001690e-01  -6.7833534e-01  -1.1587775e-01   7.2555738e-01   6.4198103e-03
   4.5714091e+01   3.4699317e+01   1.0482349e+01   5.5387942e+01   6.4731716e-01  -6.7435690e-01  -1.1561148e-01   7.2929882e-01   6.4198103e-03
   4.5749658e+01   3.4699317e+01   1.3750140e+01   5.5387942e+01   6.9981678e-01  -6.7657781e-01  -1.1574943e-01   7.2721698e-01   6.4198103e-03
   4.5749658e+01   3.4663746e+01   1.3756000e+01   5.1441992e+01   7.8137861e-01  -6.7612283e-01  -1.1574205e-01   7.2764118e-01   6.4198103e-03
   4.5714091e+01   3.4663746e+01   1.0486817e+01   5.1441992e+01   6.9832897e-01  -6.7389784e-01  -1.1560283e-01   7.2972439e-01   6.4198103e-03
   4.5856360e+01   3.4770459e+01   2.3533486e+01   6.3279914e+01   2.6136138e-01  -6.8403743e-01  -1.1614613e-01   7.2014087e-01   6.4198103e-03
   4.5891928e+01   3.4770459e+01   2.6798570e+01   6.3279914e+01   1.6025176e-01  -6.8619288e-01  -1.1626580e-01   7.1806796e-01   6.4198103e-03
   4.5891928e+01   3.4734888e+01   2.6810022e+01   5.9333916e+01   2.1513130e-01  -6.8575563e-01  -1.1626424e-01   7.1848580e-01   6.4198103e-03
   4.5856360e+01   3.4734888e+01   2.3543543e+01   5.9333916e+01   3.2352847e-01  -6.8359625e-01  -1.1614315e-01   7.2056016e-01   6.4198103e-03
   4.5927495e+01   3.4770459e+01   3.0063558e+01   6.3279914e+01   1.0125930e-01  -6.8833082e-01  -1.1638135e-01   7.1600004e-01   6.4198103e-03
   4.5963062e+01   3.4770459e+01   3.3328543e+01   6.3279914e+01   6.3092507e-02  -6.9045407e-01  -1.1649293e-01   7.1393457e-01   6.4198103e-03
   4.5963062e+01   3.4734888e+01   3.3342786e+01   5.9333916e+01   9.8023063e-02  -6.9002455e-01  -1.1649382e-01   7.1434957e-01   6.4198103e-03
   4.5927495e+01   3.4734888e+01   3.0076406e+01   5.9333916e+01   1.3928905e-01  -6.8789745e-01  -1.1638101e-01   7.1641648e-01   6.4198103e-03
   4.5927495e+01   3.4699317e+01   3.0089242e+01   5.5387942e+01   1.8175544e-01  -6.8746319e-01  -1.1638031e-01   7.1683330e-01   6.4198103e-03
   4.5963062e+01   3.4699317e+01   3.3357016e+01   5.5387942e+01   1.1539907e-01  -6.8959414e-01  -1.1649434e-01   7.1476499e-01   6.4198103e-03
   4.5963062e+01   3.4663746e+01   3.3371232e+01   5.1441992e+01   1.4419066e-01  -6.8916282e-01  -1.1649464e-01   7.1518082e-01   6.4198103e-03
   4.5927495e+01   3.4663746e+01   3.0102066e+01   5.1441992e+01   2.2920893e-01  -6.8702801e-01  -1.1637930e-01   7.1725056e-01   6.4198103e-03
   4.5856360e+01   3.4699317e+01   2.3553591e+01   5.5387942e+01   2.5192883e-01  -6.8315422e-01  -1.1613995e-01   7.2097977e-01   6.4198103e-03
   4.5891928e+01   3.4699317e+01   2.6821464e+01   5.5387942e+01   2.7618140e-01  -6.8531746e-01  -1.1626244e-01   7.1890404e-01   6.4198103e-03
   4.5891928e+01   3.4663746e+01   2.6832895e+01   5.1441992e+01   2.8936679e-01  -6.8487839e-01  -1.1626021e-01   7.1932270e-01   6.4198103e-03
   4.5856360e+01   3.4663746e+01   2.3563629e+01   5.1441992e+01   2.8888152e-01  -6.8271122e-01  -1.1613649e-01   7.2139982e-01   6.4198103e-03
   4.5856360e+01   3.4628175e+01   2.3573659e+01   4.7496064e+01   4.7435205e-01  -6.8226733e-01  -1.1613278e-01   7.2182025e-01   6.4198103e-03
   4.5891928e+01   3.4628175e+01   2.6844316e+01   4.7496064e+01   3.6668443e-01  -6.8443845e-01  -1.1625772e-01   7.1974172e-01   6.4198103e-03
   4.5891928e+01   3.4592604e+01   2.6855726e+01   4.3550160e+01   3.7844013e-01  -6.8399764e-01  -1.1625482e-01   7.2016112e-01   6.4198103e-03
   4.5856360e+01   3.4592604e+01   2.3583679e+01   4.3550160e+01   5.7278615e-01  -6.8182262e-01  -1.1612849e-01   7.2224102e-01   6.4198103e-03
   4.5927495e+01   3.4628175e+01   3.0114878e+01   4.7496064e+01   2.8193417e-01  -6.8659198e-01  -1.1637804e-01   7.1766817e-01   6.4198103e-03
   4.5963062e+01   3.4628175e+01   3.3385436e+01   4.7496064e+01   1.8636333e-01  -6.8873068e-01  -1.1649464e-01   7.1559699e-01   6.4198103e-03
   4.5963062e+01   3.4592604e+01   3.3399627e+01   4.3550160e+01   1.8859686e-01  -6.8829772e-01  -1.1649420e-01   7.1601352e-01   6.4198103e-03
   4.5927495e+01   3.4592604e+01   3.0127679e+01   4.3550160e+01   2.4199503e-01  -6.8615512e-01  -1.1637638e-01   7.1808613e-01   6.4198103e-03
   4.5945279e+01   3.4539248e+01   3.1783919e+01   3.7631403e+01   1.9258300e-01  -6.8657578e-01  -1.1643381e-01   7.1767462e-01   6.4198103e-03
   4.5856360e+01   3.4557034e+01   2.3593690e+01   3.9604390e+01   5.3631046e-01  -6.8137701e-01  -1.1612396e-01   7.2266216e-01   6.4198103e-03
   4.5891928e+01   3.4557034e+01   2.6867126e+01   3.9604390e+01   3.8297049e-01  -6.8355608e-01  -1.1625138e-01   7.2058081e-01   6.4198103e-03
   4.5891928e+01   3.4521463e+01   2.6878515e+01   3.5658533e+01   3.1783847e-01  -6.8311344e-01  -1.1624800e-01   7.2100099e-01   6.4198103e-03
   4.5856360e+01   3.4521463e+01   2.3603691e+01   3.5658533e+01   4.3978537e-01  -6.8093039e-01  -1.1611944e-01   7.2308373e-01   6.4198103e-03
   4.5714091e+01   3.4628175e+01   1.0491280e+01   4.7496064e+01   6.9705623e-01  -6.7343794e-01  -1.1559374e-01   7.3015028e-01   6.4198103e-03
   4.5749658e+01   3.4628175e+01   1.3761855e+01   4.7496064e+01   8.0852175e-01  -6.7566691e-01  -1.1573456e-01   7.2806575e-01   6.4198103e-03
   4.5749658e+01   3.4592604e+01   1.3767704e+01   4.3550160e+01   7.6535041e-01  -6.7521020e-01  -1.1572651e-01   7.2849061e-01   6.4198103e-03
   4.5714091e+01   3.4592604e+01   1.0495740e+01   4.3550160e+01   6.4693720e-01  -6.7297709e-01  -1.1558455e-01   7.3057652e-01   6.4198103e-03
   4.5785225e+01   3.4628175e+01   1.7032428e+01   4.7496064e+01   8.3685148e-01  -6.7788348e-01  -1.1587151e-01   7.2598056e-01   6.4198103e-03
   4.5820793e+01   3.4628175e+01   2.0303091e+01   4.7496064e+01   7.3098430e-01  -6.8008389e-01  -1.1600421e-01   7.2389843e-01   6.4198103e-03
   4.5820793e+01   3.4592604e+01   2.0311720e+01   4.3550160e+01   6.9477228e-01  -6.7963513e-01  -1.1599881e-01   7.2432062e-01   6.4198103e-03
   4.5785225e+01   3.4592604e+01   1.7039668e+01   4.3550160e+01   7.7166622e-01  -6.7743075e-01  -1.1586472e-01   7.2640412e-01   6.4198103e-03
   4.5785225e+01   3.4557034e+01   1.7046900e+01   3.9604390e+01   6.9809623e-01  -6.7697713e-01  -1.1585771e-01   7.2682801e-01   6.4198103e-03
   4.5820793e+01   3.4557034e+01   2.0320342e+01   3.9604390e+01   6.3167604e-01  -6.7918557e-01  -1.1599302e-01   7.2474311e-01   6.4198103e-03
   4.5820793e+01   3.4521463e+01   2.0328956e+01   3.5658533e+01   5.1745999e-01  -6.7873504e-01  -1.1598703e-01   7.2516602e-01   6.4198103e-03
   4.5785225e+01   3.4521463e+01   1.7054127e+01   3.5658533e+01   5.5885058e-01  -6.7652253e-01  -1.1585037e-01   7.2725234e-01   6.4198103e-03
   4.5714091e+01   3.4557034e+01   1.0500195e+01   3.9604390e+01   5.6460593e-01  -6.7251536e-01  -1.1557483e-01   7.3100311e-01   6.4198103e-03
   4.5749658e+01   3.4557034e+01   1.3773548e+01   3.9604390e+01   6.6941042e-01  -6.7475253e-01  -1.1571818e-01   7.2891585e-01   6.4198103e-03
   4.5749658e+01   3.4521463e+01   1.3779387e+01   3.5658533e+01   5.3107621e-01  -6.7429382e-01  -1.1570973e-01   7.2934155e-01   6.4198103e-03
   4.5714091e+01   3.4521463e+01   1.0504646e+01   3.5658533e+01   4.5692281e-01  -6.7205252e-01  -1.1556511e-01   7.3143018e-01   6.4198103e-03
   4.5447335e+01   3.4752673e+01  -1.4017437e+01   6.1306857e+01   3.9749966e-02  -6.5791672e-01  -1.1446615e-01   7.4434071e-01   6.4198103e-03
   4.5518470e+01   3.4752673e+01  -7.4859459e+00   6.1306857e+01   1.2449439e-01  -6.6256966e-01  -1.1479798e-01   7.4015058e-01   6.4198103e-03
   4.5518470e+01   3.4681531e+01  -7.4923368e+00   5.3414909e+01   1.3118620e-01  -6.6160764e-01  -1.1476704e-01   7.4101542e-01   6.4198103e-03
   4.5447335e+01   3.4681531e+01  -1.4029404e+01   5.3414909e+01   4.7051932e-02  -6.5693757e-01  -1.1442959e-01   7.4521064e-01   6.4198103e-03
   4.5571821e+01   3.4770459e+01  -2.5867952e+00   6.3279914e+01   2.1318210e-01  -6.6625531e-01  -1.1504237e-01   7.3679652e-01   6.4198103e-03
   4.5607389e+01   3.4770459e+01   6.7830051e-01   6.3279914e+01   2.8329669e-01  -6.6853533e-01  -1.1519530e-01   7.3470440e-01   6.4198103e-03
   4.5607389e+01   3.4734888e+01   6.7859038e-01   5.9333916e+01   3.1495849e-01  -6.6806582e-01  -1.1518362e-01   7.3513318e-01   6.4198103e-03
   4.5571821e+01   3.4734888e+01  -2.5879007e+00   5.9333916e+01   2.3346495e-01  -6.6578161e-01  -1.1502923e-01   7.3722665e-01   6.4198103e-03
   4.5642956e+01   3.4770459e+01   3.9433044e+00   6.3279914e+01   3.6335948e-01  -6.7079416e-01  -1.1534332e-01   7.3261935e-01   6.4198103e-03
   4.5678523e+01   3.4770459e+01   7.2083077e+00   6.3279914e+01   4.5023445e-01  -6.7304040e-01  -1.1548744e-01   7.3053355e-01   6.4198103e-03
   4.5678523e+01   3.4734888e+01   7.2113881e+00   5.9333916e+01   5.0332752e-01  -6.7257911e-01  -1.1547818e-01   7.3095974e-01   6.4198103e-03
   4.5642956e+01   3.4734888e+01   3.9449895e+00   5.9333916e+01   4.0454222e-01  -6.7032882e-01  -1.1533267e-01   7.3304683e-01   6.4198103e-03
   4.5642956e+01   3.4699317e+01   3.9466731e+00   5.5387942e+01   4.3932547e-01  -6.6986253e-01  -1.1532186e-01   7.3347465e-01   6.4198103e-03
   4.5678523e+01   3.4699317e+01   7.2144657e+00   5.5387942e+01   5.5515765e-01  -6.7211698e-01  -1.1546855e-01   7.3138620e-01   6.4198103e-03
   4.5678523e+01   3.4663746e+01   7.2175405e+00   5.1441992e+01   5.6867187e-01  -6.7165381e-01  -1.1545875e-01   7.3181311e-01   6.4198103e-03
   4.5642956e+01   3.4663746e+01   3.9483552e+00   5.1441992e+01   4.5558272e-01  -6.6939525e-01  -1.1531059e-01   7.3390290e-01   6.4198103e-03
   4.5571821e+01   3.4699317e+01  -2.5890051e+00   5.5387942e+01   2.4174324e-01  -6.6530697e-01  -1.1501581e-01   7.3765710e-01   6.4198103e-03
   4.5607389e+01   3.4699317e+01   6.7887998e-01   5.5387942e+01   3.3491269e-01  -6.6759535e-01  -1.1517136e-01   7.3556238e-01   6.4198103e-03
   4.5607389e+01   3.4663746e+01   6.7916932e-01   5.1441992e+01   3.4084139e-01  -6.6712397e-01  -1.1515884e-01   7.3599188e-01   6.4198103e-03
   4.5571821e+01   3.4663746e+01  -2.5901085e+00   5.1441992e+01   2.4540033e-01  -6.6483139e-01  -1.1500182e-01   7.3808794e-01   6.4198103e-03
   4.5571821e+01   3.4628175e+01  -2.5912109e+00   4.7496064e+01   2.1035996e-01  -6.6435483e-01  -1.1498757e-01   7.3851914e-01   6.4198103e-03
   4.5607389e+01   3.4628175e+01   6.7945839e-01   4.7496064e+01   3.0630494e-01  -6.6665160e-01  -1.1514590e-01   7.3642179e-01   6.4198103e-03
   4.5607389e+01   3.4592604e+01   6.7974719e-01   4.3550160e+01   2.8669576e-01  -6.6617836e-01  -1.1513284e-01   7.3685197e-01   6.4198103e-03
   4.5571821e+01   3.4592604e+01  -2.5923123e+00   4.3550160e+01   1.9961428e-01  -6.6387734e-01  -1.1497319e-01   7.3895063e-01   6.4198103e-03
   4.5642956e+01   3.4628175e+01   3.9500357e+00   4.7496064e+01   4.4219221e-01  -6.6892706e-01  -1.1529910e-01   7.3433146e-01   6.4198103e-03
   4.5678523e+01   3.4628175e+01   7.2206125e+00   4.7496064e+01   5.6968258e-01  -6.7118977e-01  -1.1544840e-01   7.3224037e-01   6.4198103e-03
   4.5678523e+01   3.4592604e+01   7.2236816e+00   4.3550160e+01   5.2281470e-01  -6.7072479e-01  -1.1543793e-01   7.3266796e-01   6.4198103e-03
   4.5642956e+01   3.4592604e+01   3.9517147e+00   4.3550160e+01   3.9762886e-01  -6.6845797e-01  -1.1528721e-01   7.3476037e-01   6.4198103e-03
   4.5642956e+01   3.4557034e+01   3.9533920e+00   3.9604390e+01   3.4193585e-01  -6.6798794e-01  -1.1527487e-01   7.3518964e-01   6.4198103e-03
   4.5678523e+01   3.4557034e+01   7.2267479e+00   3.9604390e+01   4.3939589e-01  -6.7025899e-01  -1.1542690e-01   7.3309584e-01   6.4198103e-03
   4.5678523e+01   3.4521463e+01   7.2298114e+00   3.5658533e+01   3.5710521e-01  -6.6979207e-01  -1.1541591e-01   7.3352420e-01   6.4198103e-03
   4.5642956e+01   3.4521463e+01   3.9550679e+00   3.5658533e+01   2.8527317e-01  -6.6751693e-01  -1.1526243e-01   7.3561928e-01   6.4198103e-03
   4.5589605e+01   3.4539248e+01  -9.5689134e-01   3.7631403e+01   1.9812859e-01  -6.6431378e-01  -1.1503182e-01   7.3854917e-01   6.4198103e-03
   4.5447335e+01   3.4610390e+01  -1.4041349e+01   4.5523165e+01   4.7091247e-02  -6.5595462e-01  -1.1439193e-01   7.4608178e-01   6.4198103e-03
   4.5518470e+01   3.4610390e+01  -7.4987159e+00   4.5523165e+01   1.2180984e-01  -6.6064189e-01  -1.1473446e-01   7.4188159e-01   6.4198103e-03
   4.5518470e+01   3.4539248e+01  -7.5050834e+00   3.7631403e+01   8.7989592e-02  -6.5967215e-01  -1.1470072e-01   7.4274922e-01   6.4198103e-03
   4.5447335e+01   3.4539248e+01  -1.4053272e+01   3.7631403e+01   2.8990863e-02  -6.5496762e-01  -1.1435265e-01   7.4695441e-01   6.4198103e-03
   4.5482903e+01   3.4432536e+01  -1.0792819e+01   2.5794047e+01   1.0616821e-02  -6.5585320e-01  -1.1447165e-01   7.4615871e-01   6.4198103e-03
   4.5589605e+01   3.4468106e+01  -9.5770170e-01   2.9739735e+01   1.0001740e-01  -6.6335727e-01  -1.1500215e-01   7.3941303e-01   6.4198103e-03
   4.5660740e+01   3.4468106e+01   5.5960363e+00   2.9739735e+01   2.0600317e-01  -6.6795349e-01  -1.1532151e-01   7.3521363e-01   6.4198103e-03
   4.5660740e+01   3.4396965e+01   5.6007626e+00   2.1848270e+01   8.6536843e-02  -6.6701000e-01  -1.1529580e-01   7.3607373e-01   6.4198103e-03
   4.5589605e+01   3.4396965e+01  -9.5851055e-01   2.1848270e+01   3.7764656e-02  -6.6239697e-01  -1.1497094e-01   7.4027828e-01   6.4198103e-03
   4.5625172e+01   3.4290252e+01   2.3240114e+00   1.0011082e+01   3.8741081e-03  -6.6327551e-01  -1.1509014e-01   7.3947269e-01   6.4198103e-03
   4.5482903e+01   3.4290252e+01  -1.0811008e+01   1.0011082e+01  -3.0683098e-02  -6.5387317e-01  -1.1439037e-01   7.4790689e-01   6.4198103e-03
   4.5731874e+01   3.4468106e+01   1.2149679e+01   2.9739735e+01   3.0559988e-01  -6.7248218e-01  -1.1562331e-01   7.3102597e-01   6.4198103e-03
   4.5803009e+01   3.4468106e+01   1.8703409e+01   2.9739735e+01   3.3415784e-01  -6.7694901e-01  -1.1590854e-01   7.2684610e-01   6.4198103e-03
   4.5803009e+01   3.4396965e+01   1.8719205e+01   2.1848270e+01   1.3576003e-01  -6.7603850e-01  -1.1589316e-01   7.2769549e-01   6.4198103e-03
   4.5731874e+01   3.4396965e+01   1.2159941e+01   2.1848270e+01   1.2453828e-01  -6.7155540e-01  -1.1560265e-01   7.3188071e-01   6.4198103e-03
   4.5909711e+01   3.4432536e+01   2.8545993e+01   2.5794047e+01   1.2104209e-01  -6.8309146e-01  -1.1630187e-01   7.2101313e-01   6.4198103e-03
   4.5909711e+01   3.4290252e+01   2.8594104e+01   1.0011082e+01  -6.4269577e-03  -6.8131130e-01  -1.1628388e-01   7.2269840e-01   6.4198103e-03
   4.5767442e+01   3.4290252e+01   1.5459119e+01   1.0011082e+01   2.0780473e-02  -6.7242115e-01  -1.1572088e-01   7.3106667e-01   6.4198103e-03
   4.5838577e+01   3.4076827e+01   2.2081995e+01  -1.3662559e+01  -3.4509976e-02  -6.7415236e-01  -1.1595883e-01   7.2943275e-01   6.4198103e-03
   4.5554037e+01   3.4076827e+01  -4.2542057e+00  -1.3662559e+01  -4.3112792e-02  -6.5566171e-01  -1.1463380e-01   7.4630209e-01   6.4198103e-03
   4.6265385e+01   3.4219111e+01   6.1482940e+01   2.1198495e+00  -3.5505115e-02  -7.0165831e-01  -1.1742543e-01   7.0277087e-01   6.4198103e-03
   4.6265385e+01   3.3649977e+01   6.1891781e+01  -6.1007344e+01  -4.2303987e-02  -6.9498853e-01  -1.1749160e-01   7.0935651e-01   6.4198103e-03
   4.5696307e+01   3.3649977e+01   8.9582001e+00  -6.1007344e+01  -4.9952207e-02  -6.5924176e-01  -1.1512728e-01   7.4306528e-01   6.4198103e-03
   4.4558150e+01   3.4219111e+01  -9.6268085e+01   2.1198495e+00  -4.7479489e-03  -5.8480724e-01  -1.0788247e-01   8.0396633e-01   6.4198103e-03
   4.5127229e+01   3.4219111e+01  -4.3685165e+01   2.1198495e+00  -2.1753826e-02  -6.2810862e-01  -1.1225218e-01   7.6998637e-01   6.4198103e-03
   4.5127229e+01   3.3649977e+01  -4.3975652e+01  -6.1007344e+01  -3.1203983e-02  -6.1925640e-01  -1.1162953e-01   7.7721320e-01   6.4198103e-03
   4.4700420e+01   3.3792260e+01  -8.3537894e+01  -4.5226155e+01  -1.1637827e-02  -5.8873992e-01  -1.0841807e-01   8.0101862e-01   6.4198103e-03
   4.4700420e+01   3.3507694e+01  -8.3812185e+01  -7.6788165e+01  -1.6216375e-02  -5.8375766e-01  -1.0793250e-01   8.0472204e-01   6.4198103e-03
   4.4753771e+01   3.3347625e+01  -7.8985961e+01  -9.4541220e+01  -4.2845661e-02  -5.8526000e-01  -1.0814120e-01   8.0360202e-01   6.4198103e-03
   4.4807122e+01   3.3329839e+01  -7.4021329e+01  -9.6513814e+01  -2.2696322e-02  -5.8924695e-01  -1.0859259e-01   8.0062206e-01   6.4198103e-03
   4.4860473e+01   3.3347625e+01  -6.9026708e+01  -9.4541220e+01  -3.5328568e-02  -5.9380855e-01  -1.0909124e-01   7.9717658e-01   6.4198103e-03
   4.4896041e+01   3.3347625e+01  -6.5706879e+01  -9.4541220e+01  -3.0362686e-02  -5.9662138e-01  -1.0939760e-01   7.9503150e-01   6.4198103e-03
   4.4931608e+01   3.3347625e+01  -6.2387135e+01  -9.4541220e+01  -2.4050419e-02  -5.9941443e-01  -1.0969838e-01   7.9288625e-01   6.4198103e-03
   4.4967175e+01   3.3347625e+01  -5.9067383e+01  -9.4541220e+01  -1.8417525e-02  -6.0218674e-01  -1.0999356e-01   7.9074177e-01   6.4198103e-03
   4.5719859e+01   3.5531350e+01   1.0901293e+01   1.4769344e+02   2.1791950e-02   7.0905487e-01  -1.1672096e-01   6.9542606e-01   3.7569364e-03
   4.5719859e+01   3.5495779e+01   1.0906086e+01   1.4374694e+02   3.1891254e-02   7.0866069e-01  -1.1673400e-01   6.9582555e-01   3.7569364e-03
   4.5844345e+01   3.5513565e+01   2.2228286e+01   1.4572024e+02   3.7698153e-02   7.0187620e-01  -1.1647174e-01   7.0271199e-01   3.7569364e-03
   4.5773210e+01   3.5513565e+01   1.5757078e+01   1.4572024e+02   4.2023944e-02   7.0588676e-01  -1.1662350e-01   6.9865788e-01   3.7569364e-03
   4.5808778e+01   3.5406852e+01   1.9017743e+01   1.3388085e+02   5.2749049e-02   7.0267753e-01  -1.1657895e-01   7.0189289e-01   3.7569364e-03
   4.5719859e+01   3.5460209e+01   1.0910875e+01   1.3980057e+02   3.8891811e-02   7.0826570e-01  -1.1674682e-01   6.9622545e-01   3.7569364e-03
   4.5719859e+01   3.5424638e+01   1.0915660e+01   1.3585412e+02   4.8463130e-02   7.0786995e-01  -1.1675944e-01   6.9662570e-01   3.7569364e-03
   4.5702076e+01   3.5371281e+01   9.3022536e+00   1.2993443e+02   3.7875493e-02   7.0826747e-01  -1.1681319e-01   6.9621252e-01   3.7569364e-03
   4.5737643e+01   3.5193427e+01   1.2570860e+01   1.1020281e+02   2.8954094e-02   7.0427520e-01  -1.1679470e-01   7.0025384e-01   3.7569364e-03
   4.6022183e+01   3.5477994e+01   3.8423168e+01   1.4177375e+02   1.4591309e-02   6.9117757e-01  -1.1603026e-01   7.1330957e-01   3.7569364e-03
   4.6377857e+01   3.5406852e+01   7.0854895e+01   1.3388085e+02  -5.4529545e-03   6.6855621e-01  -1.1481496e-01   7.3474493e-01   3.7569364e-03
   4.6235587e+01   3.5406852e+01   5.7895737e+01   1.3388085e+02   8.4042662e-03   6.7744362e-01  -1.1535129e-01   7.2647383e-01   3.7569364e-03
   4.6235587e+01   3.5264569e+01   5.7996960e+01   1.1809543e+02  -2.4881430e-02   6.7563109e-01  -1.1532708e-01   7.2816365e-01   3.7569364e-03
   4.6377857e+01   3.5264569e+01   7.0978777e+01   1.1809543e+02  -1.3125354e-02   6.6667830e-01  -1.1476995e-01   7.3645631e-01   3.7569364e-03
   4.6377857e+01   3.5122285e+01   7.1102216e+01   1.0231028e+02  -4.0339341e-02   6.6478527e-01  -1.1471955e-01   7.3817341e-01   3.7569364e-03
   4.6200020e+01   3.5157856e+01   5.4822977e+01   1.0625654e+02  -3.8904618e-02   6.7647674e-01  -1.1543880e-01   7.2736037e-01   3.7569364e-03
   4.6271155e+01   3.5157856e+01   6.1322387e+01   1.0625654e+02  -3.4730092e-02   6.7203501e-01  -1.1516863e-01   7.3150881e-01   3.7569364e-03
   4.6271155e+01   3.5086714e+01   6.1375545e+01   9.8364054e+01  -6.1647591e-02   6.7110961e-01  -1.1514989e-01   7.3236084e-01   3.7569364e-03
   4.6200020e+01   3.5086714e+01   5.4870500e+01   9.8364054e+01  -7.6862020e-02   6.7556760e-01  -1.1542532e-01   7.2820698e-01   3.7569364e-03
   4.5951048e+01   3.5264569e+01   3.2033087e+01   1.1809543e+02   2.8385890e-02   6.9280972e-01  -1.1624697e-01   7.1168907e-01   3.7569364e-03
   4.6093318e+01   3.5264569e+01   4.5015115e+01   1.1809543e+02  -4.9260193e-03   6.8434170e-01  -1.1581913e-01   7.1990441e-01   3.7569364e-03
   4.6057750e+01   3.5157856e+01   4.1824074e+01   1.0625654e+02  -5.3053135e-02   6.8516995e-01  -1.1592909e-01   7.1909845e-01   3.7569364e-03
   4.6128885e+01   3.5157856e+01   4.8323538e+01   1.0625654e+02  -4.8451821e-02   6.8085268e-01  -1.1569183e-01   7.2322543e-01   3.7569364e-03
   4.6111101e+01   3.5104500e+01   4.6729018e+01   1.0033722e+02  -7.8160029e-02   6.8127081e-01  -1.1574739e-01   7.2282268e-01   3.7569364e-03
   4.6146669e+01   3.5104500e+01   4.9980903e+01   1.0033722e+02  -6.5982642e-02   6.7909316e-01  -1.1562324e-01   7.2488878e-01   3.7569364e-03
   4.6146669e+01   3.5068929e+01   5.0002532e+01   9.6391004e+01  -9.3633286e-02   6.7864374e-01  -1.1561814e-01   7.2531036e-01   3.7569364e-03
   4.6111101e+01   3.5068929e+01   4.6749240e+01   9.6391004e+01  -9.6973689e-02   6.8082537e-01  -1.1574354e-01   7.2324287e-01   3.7569364e-03
   4.6039966e+01   3.5104500e+01   4.0225322e+01   1.0033722e+02  -8.5657596e-02   6.8558682e-01  -1.1598479e-01   7.1869204e-01   3.7569364e-03
   4.6075534e+01   3.5104500e+01   4.3477219e+01   1.0033722e+02  -7.3780856e-02   6.8343628e-01  -1.1586812e-01   7.2075615e-01   3.7569364e-03
   4.6075534e+01   3.5068929e+01   4.3496033e+01   9.6391004e+01  -1.0384499e-01   6.8299476e-01  -1.1586550e-01   7.2117498e-01   3.7569364e-03
   4.6039966e+01   3.5068929e+01   4.0242730e+01   9.6391004e+01  -1.1722166e-01   6.8514928e-01  -1.1598341e-01   7.1910939e-01   3.7569364e-03
   4.5915480e+01   3.5157856e+01   2.8825087e+01   1.0625654e+02  -1.8002056e-02   6.9362852e-01  -1.1635664e-01   7.1087313e-01   3.7569364e-03
   4.5986615e+01   3.5157856e+01   3.5324590e+01   1.0625654e+02  -3.6485680e-02   6.8942922e-01  -1.1615082e-01   7.1497995e-01   3.7569364e-03
   4.5968831e+01   3.5104500e+01   3.3721606e+01   1.0033722e+02  -8.9999661e-02   6.8984125e-01  -1.1620607e-01   7.1457344e-01   3.7569364e-03
   4.6004399e+01   3.5104500e+01   3.6973512e+01   1.0033722e+02  -9.4242543e-02   6.8772008e-01  -1.1609720e-01   7.1663278e-01   3.7569364e-03
   4.6004399e+01   3.5068929e+01   3.6989513e+01   9.6391004e+01  -1.2020386e-01   6.8728638e-01  -1.1609704e-01   7.1704875e-01   3.7569364e-03
   4.5968831e+01   3.5068929e+01   3.3736199e+01   9.6391004e+01  -1.1936874e-01   6.8941146e-01  -1.1620713e-01   7.1498793e-01   3.7569364e-03
   4.5897697e+01   3.5104500e+01   2.7217964e+01   1.0033722e+02  -5.0099523e-02   6.9403587e-01  -1.1641148e-01   7.1046645e-01   3.7569364e-03
   4.5933264e+01   3.5104500e+01   3.0469787e+01   1.0033722e+02  -7.6816443e-02   6.9194623e-01  -1.1631071e-01   7.1251823e-01   3.7569364e-03
   4.5933264e+01   3.5068929e+01   3.0482973e+01   9.6391004e+01  -1.1114638e-01   6.9152018e-01  -1.1631315e-01   7.1293134e-01   3.7569364e-03
   4.5897697e+01   3.5068929e+01   2.7229743e+01   9.6391004e+01  -9.8271280e-02   6.9361363e-01  -1.1641493e-01   7.1087811e-01   3.7569364e-03
   4.5897697e+01   3.5033358e+01   2.7241511e+01   9.2444811e+01  -1.6300084e-01   6.9319052e-01  -1.1641832e-01   7.1129015e-01   3.7569364e-03
   4.5933264e+01   3.5033358e+01   3.0496147e+01   9.2444811e+01  -1.8067077e-01   6.9109330e-01  -1.1631517e-01   7.1334482e-01   3.7569364e-03
   4.5933264e+01   3.4997787e+01   3.0509308e+01   8.8498640e+01  -2.3958341e-01   6.9066549e-01  -1.1631694e-01   7.1375874e-01   3.7569364e-03
   4.5897697e+01   3.4997787e+01   2.7253268e+01   8.8498640e+01  -2.1754119e-01   6.9276650e-01  -1.1642129e-01   7.1170264e-01   3.7569364e-03
   4.5968831e+01   3.5033358e+01   3.3750779e+01   9.2444811e+01  -1.7624840e-01   6.8898069e-01  -1.1620793e-01   7.1540291e-01   3.7569364e-03
   4.6004399e+01   3.5033358e+01   3.7005498e+01   9.2444811e+01  -1.8937170e-01   6.8685174e-01  -1.1609663e-01   7.1746516e-01   3.7569364e-03
   4.6004399e+01   3.4997787e+01   3.7021470e+01   8.8498640e+01  -2.3939319e-01   6.8641632e-01  -1.1609581e-01   7.1788188e-01   3.7569364e-03
   4.5968831e+01   3.4997787e+01   3.3765345e+01   8.8498640e+01  -2.4603838e-01   6.8854907e-01  -1.1620850e-01   7.1581824e-01   3.7569364e-03
   4.5968831e+01   3.4962216e+01   3.3779899e+01   8.4552493e+01  -3.1401173e-01   6.8811668e-01  -1.1620866e-01   7.1623389e-01   3.7569364e-03
   4.6004399e+01   3.4962216e+01   3.7037426e+01   8.4552493e+01  -2.9642997e-01   6.8597993e-01  -1.1609491e-01   7.1829904e-01   3.7569364e-03
   4.6004399e+01   3.4926645e+01   3.7053369e+01   8.0606370e+01  -3.5137193e-01   6.8554283e-01  -1.1609344e-01   7.1871646e-01   3.7569364e-03
   4.5968831e+01   3.4926645e+01   3.3794439e+01   8.0606370e+01  -3.5020538e-01   6.8768339e-01  -1.1620858e-01   7.1664993e-01   3.7569364e-03
   4.5897697e+01   3.4962216e+01   2.7265014e+01   8.4552493e+01  -2.7095945e-01   6.9234172e-01  -1.1642386e-01   7.1211546e-01   3.7569364e-03
   4.5933264e+01   3.4962216e+01   3.0522458e+01   8.4552493e+01  -2.9646873e-01   6.9023687e-01  -1.1631830e-01   7.1417303e-01   3.7569364e-03
   4.5933264e+01   3.4926645e+01   3.0535596e+01   8.0606370e+01  -3.3145713e-01   6.8980749e-01  -1.1631944e-01   7.1458758e-01   3.7569364e-03
   4.5897697e+01   3.4926645e+01   2.7276750e+01   8.0606370e+01  -2.8912682e-01   6.9191615e-01  -1.1642620e-01   7.1252859e-01   3.7569364e-03
   4.6039966e+01   3.5033358e+01   4.0260121e+01   9.2444811e+01  -1.6856598e-01   6.8471076e-01  -1.1598178e-01   7.1952721e-01   3.7569364e-03
   4.6075534e+01   3.5033358e+01   4.3514831e+01   9.2444811e+01  -1.5504971e-01   6.8255233e-01  -1.1586264e-01   7.2159418e-01   3.7569364e-03
   4.6075534e+01   3.4997787e+01   4.3533612e+01   8.8498640e+01  -2.1124513e-01   6.8210902e-01  -1.1585935e-01   7.2201378e-01   3.7569364e-03
   4.6039966e+01   3.4997787e+01   4.0277497e+01   8.8498640e+01  -2.1534931e-01   6.8427140e-01  -1.1597973e-01   7.1994538e-01   3.7569364e-03
   4.6111101e+01   3.5033358e+01   4.6769444e+01   9.2444811e+01  -1.4034831e-01   6.8037902e-01  -1.1573944e-01   7.2366344e-01   3.7569364e-03
   4.6146669e+01   3.5033358e+01   5.0024142e+01   9.2444811e+01  -1.2193906e-01   6.7819344e-01  -1.1561262e-01   7.2573231e-01   3.7569364e-03
   4.6146669e+01   3.4997787e+01   5.0045732e+01   8.8498640e+01  -1.5781369e-01   6.7774217e-01  -1.1560683e-01   7.2615467e-01   3.7569364e-03
   4.6111101e+01   3.4997787e+01   4.6789629e+01   8.8498640e+01  -1.9376185e-01   6.7993173e-01  -1.1573491e-01   7.2408443e-01   3.7569364e-03
   4.6111101e+01   3.4962216e+01   4.6809796e+01   8.4552493e+01  -2.0767784e-01   6.7948354e-01  -1.1573013e-01   7.2450580e-01   3.7569364e-03
   4.6146669e+01   3.4962216e+01   5.0067303e+01   8.4552493e+01  -1.7852218e-01   6.7729003e-01  -1.1560081e-01   7.2657737e-01   3.7569364e-03
   4.6146669e+01   3.4926645e+01   5.0088854e+01   8.0606370e+01  -2.0350512e-01   6.7683696e-01  -1.1559435e-01   7.2700046e-01   3.7569364e-03
   4.6111101e+01   3.4926645e+01   4.6829945e+01   8.0606370e+01  -2.8899270e-01   6.7903456e-01  -1.1572494e-01   7.2492745e-01   3.7569364e-03
   4.6039966e+01   3.4962216e+01   4.0294858e+01   8.4552493e+01  -2.8348063e-01   6.8383119e-01  -1.1597744e-01   7.2036389e-01   3.7569364e-03
   4.6075534e+01   3.4962216e+01   4.3552376e+01   8.4552493e+01  -2.4552553e-01   6.8166489e-01  -1.1585583e-01   7.2243367e-01   3.7569364e-03
   4.6075534e+01   3.4926645e+01   4.3571122e+01   8.0606370e+01  -3.0825499e-01   6.8121984e-01  -1.1585188e-01   7.2285397e-01   3.7569364e-03
   4.6039966e+01   3.4926645e+01   4.0312202e+01   8.0606370e+01  -3.1988123e-01   6.8339011e-01  -1.1597491e-01   7.2078275e-01   3.7569364e-03
   4.6039966e+01   3.4891074e+01   4.0329531e+01   7.6660270e+01  -3.5476267e-01   6.8294803e-01  -1.1597194e-01   7.2120212e-01   3.7569364e-03
   4.6075534e+01   3.4891074e+01   4.3589852e+01   7.6660270e+01  -3.1051634e-01   6.8077379e-01  -1.1584766e-01   7.2327475e-01   3.7569364e-03
   4.6075534e+01   3.4855503e+01   4.3608565e+01   7.2714193e+01  -3.3317022e-01   6.8032696e-01  -1.1584322e-01   7.2369577e-01   3.7569364e-03
   4.6039966e+01   3.4855503e+01   4.0346844e+01   7.2714193e+01  -3.5084640e-01   6.8250513e-01  -1.1596873e-01   7.2162179e-01   3.7569364e-03
   4.6111101e+01   3.4891074e+01   4.6850076e+01   7.6660270e+01  -3.0041309e-01   6.7858457e-01  -1.1571948e-01   7.2534956e-01   3.7569364e-03
   4.6146669e+01   3.4891074e+01   5.0110386e+01   7.6660270e+01  -2.7150618e-01   6.7638301e-01  -1.1558765e-01   7.2742389e-01   3.7569364e-03
   4.6146669e+01   3.4855503e+01   5.0131898e+01   7.2714193e+01  -2.7362655e-01   6.7592813e-01  -1.1558051e-01   7.2784772e-01   3.7569364e-03
   4.6111101e+01   3.4855503e+01   4.6870188e+01   7.2714193e+01  -2.7925037e-01   6.7813373e-01  -1.1571361e-01   7.2577200e-01   3.7569364e-03
   4.6111101e+01   3.4819932e+01   4.6890282e+01   6.8768140e+01  -2.8636071e-01   6.7768198e-01  -1.1570748e-01   7.2619481e-01   3.7569364e-03
   4.6146669e+01   3.4819932e+01   5.0153390e+01   6.8768140e+01  -2.4764967e-01   6.7547237e-01  -1.1557313e-01   7.2827188e-01   3.7569364e-03
   4.6146669e+01   3.4784361e+01   5.0174863e+01   6.4822110e+01  -2.3101594e-01   6.7501570e-01  -1.1556548e-01   7.2869639e-01   3.7569364e-03
   4.6111101e+01   3.4784361e+01   4.6910358e+01   6.4822110e+01  -2.7038642e-01   6.7722936e-01  -1.1570112e-01   7.2661795e-01   3.7569364e-03
   4.6039966e+01   3.4819932e+01   4.0364142e+01   6.8768140e+01  -3.3483214e-01   6.8206135e-01  -1.1596511e-01   7.2204184e-01   3.7569364e-03
   4.6075534e+01   3.4819932e+01   4.3627261e+01   6.8768140e+01  -3.1915418e-01   6.7987925e-01  -1.1583836e-01   7.2411718e-01   3.7569364e-03
   4.6075534e+01   3.4784361e+01   4.3645939e+01   6.4822110e+01  -2.9838656e-01   6.7943062e-01  -1.1583324e-01   7.2453895e-01   3.7569364e-03
   4.6039966e+01   3.4784361e+01   4.0381423e+01   6.4822110e+01  -3.1018473e-01   6.8161670e-01  -1.1596124e-01   7.2246223e-01   3.7569364e-03
   4.5897697e+01   3.4891074e+01   2.7288475e+01   7.6660270e+01  -2.5807630e-01   6.9148954e-01  -1.1642828e-01   7.1294226e-01   3.7569364e-03
   4.5933264e+01   3.4891074e+01   3.0548723e+01   7.6660270e+01  -3.2555047e-01   6.8937711e-01  -1.1632014e-01   7.1500268e-01   3.7569364e-03
   4.5933264e+01   3.4855503e+01   3.0561837e+01   7.2714193e+01  -2.8017276e-01   6.8894588e-01  -1.1632060e-01   7.1541813e-01   3.7569364e-03
   4.5897697e+01   3.4855503e+01   2.7300190e+01   7.2714193e+01  -1.8520457e-01   6.9106221e-01  -1.1642996e-01   7.1335621e-01   3.7569364e-03
   4.5968831e+01   3.4891074e+01   3.3808966e+01   7.6660270e+01  -3.5726358e-01   6.8724914e-01  -1.1620806e-01   7.1706646e-01   3.7569364e-03
   4.6004399e+01   3.4891074e+01   3.7069297e+01   7.6660270e+01  -3.6026606e-01   6.8510464e-01  -1.1609169e-01   7.1913444e-01   3.7569364e-03
   4.6004399e+01   3.4855503e+01   3.7085210e+01   7.2714193e+01  -3.5232453e-01   6.8466569e-01  -1.1608973e-01   7.1955268e-01   3.7569364e-03
   4.5968831e+01   3.4855503e+01   3.3823480e+01   7.2714193e+01  -3.3576408e-01   6.8681408e-01  -1.1620732e-01   7.1748330e-01   3.7569364e-03
   4.5968831e+01   3.4819932e+01   3.3837980e+01   6.8768140e+01  -2.8605287e-01   6.8637812e-01  -1.1620633e-01   7.1790052e-01   3.7569364e-03
   4.6004399e+01   3.4819932e+01   3.7101109e+01   6.8768140e+01  -3.2382786e-01   6.8422584e-01  -1.1608751e-01   7.1997131e-01   3.7569364e-03
   4.6004399e+01   3.4784361e+01   3.7116994e+01   6.4822110e+01  -2.8640316e-01   6.8378511e-01  -1.1608488e-01   7.2039033e-01   3.7569364e-03
   4.5968831e+01   3.4784361e+01   3.3852468e+01   6.4822110e+01  -2.3372471e-01   6.8594133e-01  -1.1620493e-01   7.1831811e-01   3.7569364e-03
   4.5897697e+01   3.4819932e+01   2.7311894e+01   6.8768140e+01  -1.0277441e-01   6.9063395e-01  -1.1643139e-01   7.1377061e-01   3.7569364e-03
   4.5933264e+01   3.4819932e+01   3.0574939e+01   6.8768140e+01  -2.0462717e-01   6.8851384e-01  -1.1632084e-01   7.1583389e-01   3.7569364e-03
   4.5933264e+01   3.4784361e+01   3.0588029e+01   6.4822110e+01  -1.5123778e-01   6.8808094e-01  -1.1632065e-01   7.1625004e-01   3.7569364e-03
   4.5897697e+01   3.4784361e+01   2.7323587e+01   6.4822110e+01  -4.3218243e-02   6.9020491e-01  -1.1643242e-01   7.1418532e-01   3.7569364e-03
   4.6182236e+01   3.5033358e+01   5.3278742e+01   9.2444811e+01  -1.1914712e-01   6.7598827e-01  -1.1548108e-01   7.2780765e-01   3.7569364e-03
   4.6217804e+01   3.5033358e+01   5.6533427e+01   9.2444811e+01  -1.1215899e-01   6.7376974e-01  -1.1534587e-01   7.2988333e-01   3.7569364e-03
   4.6217804e+01   3.4997787e+01   5.6557827e+01   8.8498640e+01  -1.2329713e-01   6.7331035e-01  -1.1533755e-01   7.3030844e-01   3.7569364e-03
   4.6182236e+01   3.4997787e+01   5.3301737e+01   8.8498640e+01  -1.4677084e-01   6.7553295e-01  -1.1547403e-01   7.2823141e-01   3.7569364e-03
   4.6271155e+01   3.5015572e+01   6.1428606e+01   9.0471667e+01  -1.0183833e-01   6.7018047e-01  -1.1512994e-01   7.3321432e-01   3.7569364e-03
   4.6271155e+01   3.4944430e+01   6.1481572e+01   8.2579373e+01  -1.2438499e-01   6.6924763e-01  -1.1510879e-01   7.3406919e-01   3.7569364e-03
   4.6182236e+01   3.4962216e+01   5.3324711e+01   8.4552493e+01  -1.8104439e-01   6.7507676e-01  -1.1546674e-01   7.2865548e-01   3.7569364e-03
   4.6217804e+01   3.4962216e+01   5.6582205e+01   8.4552493e+01  -1.6835636e-01   6.7285011e-01  -1.1532881e-01   7.3073387e-01   3.7569364e-03
   4.6217804e+01   3.4926645e+01   5.6606560e+01   8.0606370e+01  -1.6122376e-01   6.7238900e-01  -1.1531983e-01   7.3115961e-01   3.7569364e-03
   4.6182236e+01   3.4926645e+01   5.3347665e+01   8.0606370e+01  -1.7599839e-01   6.7461967e-01  -1.1545902e-01   7.2907991e-01   3.7569364e-03
   4.6377857e+01   3.4980001e+01   7.1225212e+01   8.6525508e+01  -7.2386523e-02   6.6287710e-01  -1.1466389e-01   7.3989603e-01   3.7569364e-03
   4.6377857e+01   3.4837718e+01   7.1347763e+01   7.0741219e+01  -7.1899632e-02   6.6095366e-01  -1.1460263e-01   7.4162423e-01   3.7569364e-03
   4.6182236e+01   3.4891074e+01   5.3370597e+01   7.6660270e+01  -2.0661741e-01   6.7416169e-01  -1.1545088e-01   7.2950471e-01   3.7569364e-03
   4.6217804e+01   3.4891074e+01   5.6630894e+01   7.6660270e+01  -1.5832797e-01   6.7192684e-01  -1.1531040e-01   7.3158583e-01   3.7569364e-03
   4.6217804e+01   3.4855503e+01   5.6655205e+01   7.2714193e+01  -2.0430157e-01   6.7146385e-01  -1.1530072e-01   7.3201233e-01   3.7569364e-03
   4.6182236e+01   3.4855503e+01   5.3393509e+01   7.2714193e+01  -2.6113675e-01   6.7370271e-01  -1.1544263e-01   7.2992990e-01   3.7569364e-03
   4.6253371e+01   3.4891074e+01   5.9891091e+01   7.6660270e+01  -1.3682001e-01   6.6967858e-01  -1.1516620e-01   7.3366706e-01   3.7569364e-03
   4.6288938e+01   3.4891074e+01   6.3151282e+01   7.6660270e+01  -1.1670768e-01   6.6741014e-01  -1.1501693e-01   7.3575459e-01   3.7569364e-03
   4.6288938e+01   3.4855503e+01   6.3178392e+01   7.2714193e+01  -1.1625447e-01   6.6693885e-01  -1.1500451e-01   7.3618376e-01   3.7569364e-03
   4.6253371e+01   3.4855503e+01   5.9916803e+01   7.2714193e+01  -1.5212756e-01   6.6921142e-01  -1.1515506e-01   7.3409494e-01   3.7569364e-03
   4.6253371e+01   3.4819932e+01   5.9942490e+01   6.8768140e+01  -1.6490798e-01   6.6874339e-01  -1.1514385e-01   7.3452309e-01   3.7569364e-03
   4.6288938e+01   3.4819932e+01   6.3205479e+01   6.8768140e+01  -1.4328723e-01   6.6646665e-01  -1.1499199e-01   7.3661323e-01   3.7569364e-03
   4.6288938e+01   3.4784361e+01   6.3232540e+01   6.4822110e+01  -1.3976317e-01   6.6599346e-01  -1.1497904e-01   7.3704311e-01   3.7569364e-03
   4.6253371e+01   3.4784361e+01   5.9968155e+01   6.4822110e+01  -1.8045011e-01   6.6827441e-01  -1.1513219e-01   7.3495162e-01   3.7569364e-03
   4.6182236e+01   3.4819932e+01   5.3416400e+01   6.8768140e+01  -2.5762931e-01   6.7324291e-01  -1.1543382e-01   7.3035541e-01   3.7569364e-03
   4.6217804e+01   3.4819932e+01   5.6679494e+01   6.8768140e+01  -2.2782461e-01   6.7099992e-01  -1.1529079e-01   7.3243917e-01   3.7569364e-03
   4.6217804e+01   3.4784361e+01   5.6703762e+01   6.4822110e+01  -2.0846007e-01   6.7053505e-01  -1.1528042e-01   7.3286640e-01   3.7569364e-03
   4.6182236e+01   3.4784361e+01   5.3439270e+01   6.4822110e+01  -2.2294454e-01   6.7278210e-01  -1.1542490e-01   7.3078132e-01   3.7569364e-03
   4.6182236e+01   3.4748790e+01   5.3462119e+01   6.0876104e+01  -1.8410203e-01   6.7232044e-01  -1.1541557e-01   7.3120754e-01   3.7569364e-03
   4.6217804e+01   3.4748790e+01   5.6728007e+01   6.0876104e+01  -1.7616512e-01   6.7006921e-01  -1.1526979e-01   7.3329402e-01   3.7569364e-03
   4.6217804e+01   3.4713220e+01   5.6752229e+01   5.6930232e+01  -1.3849757e-01   6.6960251e-01  -1.1525874e-01   7.3372196e-01   3.7569364e-03
   4.6182236e+01   3.4713220e+01   5.3484947e+01   5.6930232e+01  -1.6061270e-01   6.7185780e-01  -1.1540579e-01   7.3163420e-01   3.7569364e-03
   4.6271155e+01   3.4731005e+01   6.1639893e+01   5.8903165e+01  -1.2440752e-01   6.6642677e-01  -1.1503702e-01   7.3664228e-01   3.7569364e-03
   4.6271155e+01   3.4659863e+01   6.1692475e+01   5.1011245e+01  -7.3670565e-02   6.6547889e-01  -1.1501033e-01   7.3750286e-01   3.7569364e-03
   4.6182236e+01   3.4677649e+01   5.3507755e+01   5.2984272e+01  -1.3187913e-01   6.7139432e-01  -1.1539577e-01   7.3206112e-01   3.7569364e-03
   4.6217804e+01   3.4677649e+01   5.6776430e+01   5.2984272e+01  -1.0983463e-01   6.6913487e-01  -1.1524743e-01   7.3415023e-01   3.7569364e-03
   4.6217804e+01   3.4642078e+01   5.6800609e+01   4.9038335e+01  -8.0105238e-02   6.6866625e-01  -1.1523585e-01   7.3457889e-01   3.7569364e-03
   4.6182236e+01   3.4642078e+01   5.3530541e+01   4.9038335e+01  -1.0384239e-01   6.7092982e-01  -1.1538548e-01   7.3248848e-01   3.7569364e-03
   4.6377857e+01   3.4695434e+01   7.1469870e+01   5.4957193e+01  -6.3717678e-02   6.5901478e-01  -1.1453606e-01   7.4335793e-01   3.7569364e-03
   4.6377857e+01   3.4553151e+01   7.1591530e+01   3.9173652e+01  -5.8880713e-03   6.5706034e-01  -1.1446414e-01   7.4509709e-01   3.7569364e-03
   4.6182236e+01   3.4606507e+01   5.3553307e+01   4.5092422e+01  -7.4009431e-02   6.7046440e-01  -1.1537476e-01   7.3291620e-01   3.7569364e-03
   4.6217804e+01   3.4606507e+01   5.6824766e+01   4.5092422e+01  -4.6020157e-02   6.6819668e-01  -1.1522384e-01   7.3500793e-01   3.7569364e-03
   4.6217804e+01   3.4570936e+01   5.6848900e+01   4.1146532e+01  -2.4255257e-02   6.6772618e-01  -1.1521157e-01   7.3543732e-01   3.7569364e-03
   4.6182236e+01   3.4570936e+01   5.3576052e+01   4.1146532e+01  -3.3249591e-02   6.6999810e-01  -1.1536379e-01   7.3334421e-01   3.7569364e-03
   4.6271155e+01   3.4588721e+01   6.1744961e+01   4.3119419e+01  -2.3629001e-02   6.6452728e-01  -1.1498241e-01   7.3836477e-01   3.7569364e-03
   4.6271155e+01   3.4517580e+01   6.1797349e+01   3.5227797e+01   1.7866513e-02   6.6357183e-01  -1.1495308e-01   7.3922813e-01   3.7569364e-03
   4.6200020e+01   3.4517580e+01   5.5247596e+01   3.5227797e+01   1.9800052e-02   6.6816234e-01  -1.1527053e-01   7.3503183e-01   3.7569364e-03
   4.5897697e+01   3.4748790e+01   2.7335270e+01   6.0876104e+01   2.6732101e-02   6.8977489e-01  -1.1643320e-01   7.1460052e-01   3.7569364e-03
   4.5933264e+01   3.4748790e+01   3.0601108e+01   6.0876104e+01  -9.6016820e-02   6.8764709e-01  -1.1632022e-01   7.1666665e-01   3.7569364e-03
   4.5933264e+01   3.4713220e+01   3.0614174e+01   5.6930232e+01  -2.4728869e-02   6.8721239e-01  -1.1631955e-01   7.1708360e-01   3.7569364e-03
   4.5897697e+01   3.4713220e+01   2.7346942e+01   5.6930232e+01   1.1080092e-01   6.8934411e-01  -1.1643375e-01   7.1501600e-01   3.7569364e-03
   4.5968831e+01   3.4748790e+01   3.3866942e+01   6.0876104e+01  -1.9004894e-01   6.8550360e-01  -1.1620327e-01   7.1873612e-01   3.7569364e-03
   4.6004399e+01   3.4748790e+01   3.7132864e+01   6.0876104e+01  -2.5080013e-01   6.8334350e-01  -1.1608182e-01   7.2080973e-01   3.7569364e-03
   4.6004399e+01   3.4713220e+01   3.7148719e+01   5.6930232e+01  -1.9751094e-01   6.8290103e-01  -1.1607852e-01   7.2122948e-01   3.7569364e-03
   4.5968831e+01   3.4713220e+01   3.3881403e+01   5.6930232e+01  -1.2090912e-01   6.8506505e-01  -1.1620120e-01   7.1915448e-01   3.7569364e-03
   4.5968831e+01   3.4677649e+01   3.3895851e+01   5.2984272e+01  -4.2104660e-02   6.8462563e-01  -1.1619890e-01   7.1957319e-01   3.7569364e-03
   4.6004399e+01   3.4677649e+01   3.7164560e+01   5.2984272e+01  -1.2961402e-01   6.8245766e-01  -1.1607497e-01   7.2164959e-01   3.7569364e-03
   4.6004399e+01   3.4642078e+01   3.7180387e+01   4.9038335e+01  -4.9511487e-02   6.8201340e-01  -1.1607100e-01   7.2207011e-01   3.7569364e-03
   4.5968831e+01   3.4642078e+01   3.3910285e+01   4.9038335e+01   2.8156767e-02   6.8418533e-01  -1.1619616e-01   7.1999228e-01   3.7569364e-03
   4.5897697e+01   3.4677649e+01   2.7358603e+01   5.2984272e+01   2.0702650e-01   6.8891246e-01  -1.1643389e-01   7.1543188e-01   3.7569364e-03
   4.5933264e+01   3.4677649e+01   3.0627229e+01   5.2984272e+01   6.2537813e-02   6.8677688e-01  -1.1631847e-01   7.1750089e-01   3.7569364e-03
   4.5933264e+01   3.4642078e+01   3.0640271e+01   4.9038335e+01   1.6356023e-01   6.8634044e-01  -1.1631696e-01   7.1791863e-01   3.7569364e-03
   4.5897697e+01   3.4642078e+01   2.7370254e+01   4.9038335e+01   2.9222133e-01   6.8847988e-01  -1.1643377e-01   7.1584819e-01   3.7569364e-03
   4.6039966e+01   3.4748790e+01   4.0398689e+01   6.0876104e+01  -2.7443011e-01   6.8117113e-01  -1.1595694e-01   7.2288304e-01   3.7569364e-03
   4.6075534e+01   3.4748790e+01   4.3664601e+01   6.0876104e+01  -2.7483755e-01   6.7898102e-01  -1.1582769e-01   7.2496118e-01   3.7569364e-03
   4.6075534e+01   3.4713220e+01   4.3683245e+01   5.6930232e+01  -2.3672389e-01   6.7853059e-01  -1.1582190e-01   7.2538371e-01   3.7569364e-03
   4.6039966e+01   3.4713220e+01   4.0415939e+01   5.6930232e+01  -2.3397633e-01   6.8072469e-01  -1.1595240e-01   7.2330418e-01   3.7569364e-03
   4.6111101e+01   3.4748790e+01   4.6930416e+01   6.0876104e+01  -2.4783744e-01   6.7677581e-01  -1.1569432e-01   7.2704149e-01   3.7569364e-03
   4.6146669e+01   3.4748790e+01   5.0196317e+01   6.0876104e+01  -2.1582929e-01   6.7455811e-01  -1.1555725e-01   7.2912131e-01   3.7569364e-03
   4.6146669e+01   3.4713220e+01   5.0217750e+01   5.6930232e+01  -1.9068932e-01   6.7409952e-01  -1.1554893e-01   7.2954663e-01   3.7569364e-03
   4.6111101e+01   3.4713220e+01   4.6950455e+01   5.6930232e+01  -2.2360982e-01   6.7632133e-01  -1.1568726e-01   7.2746540e-01   3.7569364e-03
   4.6111101e+01   3.4677649e+01   4.6970476e+01   5.2984272e+01  -1.7648384e-01   6.7586597e-01  -1.1567979e-01   7.2788968e-01   3.7569364e-03
   4.6146669e+01   3.4677649e+01   5.0239164e+01   5.2984272e+01  -1.6569082e-01   6.7364017e-01  -1.1554019e-01   7.2997218e-01   3.7569364e-03
   4.6146669e+01   3.4642078e+01   5.0260559e+01   4.9038335e+01  -1.2536400e-01   6.7317976e-01  -1.1553118e-01   7.3039821e-01   3.7569364e-03
   4.6111101e+01   3.4642078e+01   4.6990478e+01   4.9038335e+01  -1.0667421e-01   6.7540963e-01  -1.1567205e-01   7.2831436e-01   3.7569364e-03
   4.6039966e+01   3.4677649e+01   4.0433173e+01   5.2984272e+01  -1.7502082e-01   6.8027739e-01  -1.1594761e-01   7.2372566e-01   3.7569364e-03
   4.6075534e+01   3.4677649e+01   4.3701873e+01   5.2984272e+01  -1.7370775e-01   6.7807928e-01  -1.1581568e-01   7.2580659e-01   3.7569364e-03
   4.6075534e+01   3.4642078e+01   4.3720484e+01   4.9038335e+01  -9.4111408e-02   6.7762701e-01  -1.1580921e-01   7.2622990e-01   3.7569364e-03
   4.6039966e+01   3.4642078e+01   4.0450392e+01   4.9038335e+01  -9.5306090e-02   6.7982907e-01  -1.1594239e-01   7.2414764e-01   3.7569364e-03
   4.6039966e+01   3.4606507e+01   4.0467595e+01   4.5092422e+01  -1.4762189e-02   6.7937996e-01  -1.1593693e-01   7.2456987e-01   3.7569364e-03
   4.6075534e+01   3.4606507e+01   4.3739077e+01   4.5092422e+01  -4.1172730e-02   6.7717382e-01  -1.1580249e-01   7.2665356e-01   3.7569364e-03
   4.6075534e+01   3.4570936e+01   4.3757654e+01   4.1146532e+01   2.3720945e-02   6.7671978e-01  -1.1579534e-01   7.2707756e-01   3.7569364e-03
   4.6039966e+01   3.4570936e+01   4.0484782e+01   4.1146532e+01   7.0178814e-02   6.7892993e-01  -1.1593104e-01   7.2499251e-01   3.7569364e-03
   4.6111101e+01   3.4606507e+01   4.7010463e+01   4.5092422e+01  -5.2228041e-02   6.7495241e-01  -1.1566406e-01   7.2873937e-01   3.7569364e-03
   4.6146669e+01   3.4606507e+01   5.0281934e+01   4.5092422e+01  -7.9902365e-02   6.7271847e-01  -1.1552190e-01   7.3082457e-01   3.7569364e-03
   4.6146669e+01   3.4570936e+01   5.0303289e+01   4.1146532e+01  -2.6108054e-02   6.7225629e-01  -1.1551221e-01   7.3125126e-01   3.7569364e-03
   4.6111101e+01   3.4570936e+01   4.7030429e+01   4.1146532e+01  -1.2390222e-02   6.7449431e-01  -1.1565565e-01   7.2916473e-01   3.7569364e-03
   4.6111101e+01   3.4535365e+01   4.7050376e+01   3.7200666e+01   4.7889121e-02   6.7403531e-01  -1.1564681e-01   7.2959044e-01   3.7569364e-03
   4.6146669e+01   3.4535365e+01   5.0324625e+01   3.7200666e+01   1.7684611e-02   6.7179314e-01  -1.1550211e-01   7.3167837e-01   3.7569364e-03
   4.6146669e+01   3.4499794e+01   5.0345942e+01   3.3254823e+01   5.4025112e-02   6.7132908e-01  -1.1549174e-01   7.3210582e-01   3.7569364e-03
   4.6111101e+01   3.4499794e+01   4.7070306e+01   3.3254823e+01   7.8061658e-02   6.7357531e-01  -1.1563789e-01   7.3001656e-01   3.7569364e-03
   4.6039966e+01   3.4535365e+01   4.0501953e+01   3.7200666e+01   1.1166210e-01   6.7847903e-01  -1.1592491e-01   7.2541549e-01   3.7569364e-03
   4.6075534e+01   3.4535365e+01   4.3776213e+01   3.7200666e+01   8.2306556e-02   6.7626483e-01  -1.1578795e-01   7.2750191e-01   3.7569364e-03
   4.6075534e+01   3.4499794e+01   4.3794756e+01   3.3254823e+01   1.0465557e-01   6.7580893e-01  -1.1578012e-01   7.2792668e-01   3.7569364e-03
   4.6039966e+01   3.4499794e+01   4.0519108e+01   3.3254823e+01   1.2951030e-01   6.7802711e-01  -1.1591852e-01   7.2583891e-01   3.7569364e-03
   4.5897697e+01   3.4606507e+01   2.7381894e+01   4.5092422e+01   3.7956868e-01   6.8804652e-01  -1.1643325e-01   7.1626482e-01   3.7569364e-03
   4.5933264e+01   3.4606507e+01   3.0653302e+01   4.5092422e+01   2.6318203e-01   6.8590314e-01  -1.1631520e-01   7.1833673e-01   3.7569364e-03
   4.5933264e+01   3.4570936e+01   3.0666321e+01   4.1146532e+01   3.1931431e-01   6.8546499e-01  -1.1631322e-01   7.1875516e-01   3.7569364e-03
   4.5897697e+01   3.4570936e+01   2.7393523e+01   4.1146532e+01   3.9708318e-01   6.8761221e-01  -1.1643248e-01   7.1668189e-01   3.7569364e-03
   4.5968831e+01   3.4606507e+01   3.3924707e+01   4.5092422e+01   1.2636528e-01   6.8374405e-01  -1.1619317e-01   7.2041184e-01   3.7569364e-03
   4.6004399e+01   3.4606507e+01   3.7196199e+01   4.5092422e+01   2.5664842e-02   6.8156820e-01  -1.1606678e-01   7.2249104e-01   3.7569364e-03
   4.6004399e+01   3.4570936e+01   3.7211997e+01   4.1146532e+01   1.0513347e-01   6.8112217e-01  -1.1606232e-01   7.2291225e-01   3.7569364e-03
   4.5968831e+01   3.4570936e+01   3.3939115e+01   4.1146532e+01   2.0531784e-01   6.8330195e-01  -1.1618995e-01   7.2083170e-01   3.7569364e-03
   4.5986615e+01   3.4517580e+01   3.5598184e+01   3.5227797e+01   2.1320642e-01   6.8154688e-01  -1.1612014e-01   7.2250257e-01   3.7569364e-03
   4.5897697e+01   3.4535365e+01   2.7405142e+01   3.7200666e+01   3.4966134e-01   6.8717717e-01  -1.1643130e-01   7.1709922e-01   3.7569364e-03
   4.5933264e+01   3.4535365e+01   3.0679328e+01   3.7200666e+01   3.2290345e-01   6.8502602e-01  -1.1631082e-01   7.1917393e-01   3.7569364e-03
   4.5933264e+01   3.4499794e+01   3.0692322e+01   3.3254823e+01   2.9726919e-01   6.8458607e-01  -1.1630816e-01   7.1959316e-01   3.7569364e-03
   4.5897697e+01   3.4499794e+01   2.7416750e+01   3.3254823e+01   3.4681819e-01   6.8674103e-01  -1.1643001e-01   7.1751712e-01   3.7569364e-03
   4.5577589e+01   3.4784361e+01  -2.0569566e+00   6.4822110e+01  -7.8135618e-03   7.0867310e-01  -1.1726757e-01   6.9572318e-01   3.7569364e-03
   4.5666508e+01   3.4980001e+01   6.0899290e+00   8.6525508e+01   2.9805778e-02   7.0587579e-01  -1.1701323e-01   6.9860381e-01   3.7569364e-03
   4.5773210e+01   3.5015572e+01   1.5853452e+01   9.0471667e+01  -3.0937690e-02   7.0021441e-01  -1.1675333e-01   7.0432127e-01   3.7569364e-03
   4.5826562e+01   3.5033358e+01   2.0732137e+01   9.2444811e+01  -9.4320049e-02   6.9734352e-01  -1.1661346e-01   7.0718690e-01   3.7569364e-03
   4.5862129e+01   3.5033358e+01   2.3986780e+01   9.2444811e+01  -1.3016923e-01   6.9527589e-01  -1.1651802e-01   7.0923549e-01   3.7569364e-03
   4.5862129e+01   3.4997787e+01   2.3997132e+01   8.8498640e+01  -1.8399558e-01   6.9485570e-01  -1.1652219e-01   7.0964648e-01   3.7569364e-03
   4.5826562e+01   3.4997787e+01   2.0741085e+01   8.8498640e+01  -1.3153545e-01   6.9692705e-01  -1.1661881e-01   7.0759645e-01   3.7569364e-03
   4.5826562e+01   3.4962216e+01   2.0750024e+01   8.4552493e+01  -1.4721121e-01   6.9650974e-01  -1.1662392e-01   7.0800638e-01   3.7569364e-03
   4.5862129e+01   3.4962216e+01   2.4007475e+01   8.4552493e+01  -2.1977481e-01   6.9443468e-01  -1.1652613e-01   7.1005784e-01   3.7569364e-03
   4.5862129e+01   3.4926645e+01   2.4017809e+01   8.0606370e+01  -2.2090450e-01   6.9401284e-01  -1.1652965e-01   7.1046958e-01   3.7569364e-03
   4.5826562e+01   3.4926645e+01   2.0758956e+01   8.0606370e+01  -1.2988011e-01   6.9609172e-01  -1.1662865e-01   7.0841660e-01   3.7569364e-03
   4.5773210e+01   3.4944430e+01   1.5867121e+01   8.2579373e+01  -3.7107802e-02   6.9939098e-01  -1.1676710e-01   7.0513665e-01   3.7569364e-03
   4.5773210e+01   3.4873289e+01   1.5880765e+01   7.4687284e+01   4.4485616e-02   6.9856422e-01  -1.1677976e-01   7.0595362e-01   3.7569364e-03
   4.5826562e+01   3.4891074e+01   2.0767879e+01   7.6660270e+01  -6.9393992e-02   6.9567268e-01  -1.1663311e-01   7.0882737e-01   3.7569364e-03
   4.5862129e+01   3.4891074e+01   2.4028133e+01   7.6660270e+01  -1.6743215e-01   6.9359007e-01  -1.1653294e-01   7.1088176e-01   3.7569364e-03
   4.5862129e+01   3.4855503e+01   2.4038448e+01   7.2714193e+01  -7.5779980e-02   6.9316654e-01  -1.1653582e-01   7.1129428e-01   3.7569364e-03
   4.5826562e+01   3.4855503e+01   2.0776795e+01   7.2714193e+01   1.9953384e-02   6.9525290e-01  -1.1663736e-01   7.0923842e-01   3.7569364e-03
   4.5826562e+01   3.4819932e+01   2.0785702e+01   6.8768140e+01   8.6659185e-02   6.9483226e-01  -1.1664120e-01   7.0964989e-01   3.7569364e-03
   4.5862129e+01   3.4819932e+01   2.4048754e+01   6.8768140e+01   7.0849132e-03   6.9274212e-01  -1.1653846e-01   7.1170720e-01   3.7569364e-03
   4.5862129e+01   3.4784361e+01   2.4059050e+01   6.4822110e+01   7.2854948e-02   6.9231681e-01  -1.1654086e-01   7.1212054e-01   3.7569364e-03
   4.5826562e+01   3.4784361e+01   2.0794601e+01   6.4822110e+01   1.5251458e-01   6.9441076e-01  -1.1664463e-01   7.1006177e-01   3.7569364e-03
   4.5773210e+01   3.4802147e+01   1.5894385e+01   6.6795178e+01   1.5104685e-01   6.9773415e-01  -1.1679096e-01   7.0677219e-01   3.7569364e-03
   4.5666508e+01   3.4837718e+01   6.1004070e+00   7.0741219e+01   5.3468859e-02   7.0426619e-01  -1.1705249e-01   7.0021985e-01   3.7569364e-03
   4.5666508e+01   3.4695434e+01   6.1108469e+00   5.4957193e+01   3.9088065e-02   7.0264356e-01  -1.1708708e-01   7.0184232e-01   3.7569364e-03
   4.5773210e+01   3.4731005e+01   1.5907979e+01   5.8903165e+01   2.1994357e-01   6.9690080e-01  -1.1680108e-01   7.0759224e-01   3.7569364e-03
   4.5826562e+01   3.4748790e+01   2.0803492e+01   6.0876104e+01   2.1248717e-01   6.9398840e-01  -1.1664798e-01   7.1047403e-01   3.7569364e-03
   4.5862129e+01   3.4748790e+01   2.4069337e+01   6.0876104e+01   1.4696627e-01   6.9189069e-01  -1.1654285e-01   7.1253424e-01   3.7569364e-03
   4.5862129e+01   3.4713220e+01   2.4079614e+01   5.6930232e+01   2.2480202e-01   6.9146372e-01  -1.1654461e-01   7.1294830e-01   3.7569364e-03
   4.5826562e+01   3.4713220e+01   2.0812375e+01   5.6930232e+01   2.7667290e-01   6.9356522e-01  -1.1665093e-01   7.1088666e-01   3.7569364e-03
   4.5826562e+01   3.4677649e+01   2.0821250e+01   5.2984272e+01   3.4122124e-01   6.9314124e-01  -1.1665347e-01   7.1129965e-01   3.7569364e-03
   4.5862129e+01   3.4677649e+01   2.4089882e+01   5.2984272e+01   3.1337805e-01   6.9103594e-01  -1.1654595e-01   7.1336272e-01   3.7569364e-03
   4.5862129e+01   3.4642078e+01   2.4100141e+01   4.9038335e+01   3.8745478e-01   6.9060722e-01  -1.1654705e-01   7.1377760e-01   3.7569364e-03
   4.5826562e+01   3.4642078e+01   2.0830117e+01   4.9038335e+01   4.0164855e-01   6.9271637e-01  -1.1665578e-01   7.1171305e-01   3.7569364e-03
   4.5755427e+01   3.4677649e+01   1.4283886e+01   5.2984272e+01   2.2987890e-01   6.9731271e-01  -1.1685791e-01   7.0717693e-01   3.7569364e-03
   4.5790994e+01   3.4677649e+01   1.7552523e+01   5.2984272e+01   2.7467269e-01   6.9523290e-01  -1.1675742e-01   7.0923826e-01   3.7569364e-03
   4.5790994e+01   3.4642078e+01   1.7559998e+01   4.9038335e+01   3.1716407e-01   6.9481182e-01  -1.1676091e-01   7.0965021e-01   3.7569364e-03
   4.5755427e+01   3.4642078e+01   1.4289969e+01   4.9038335e+01   2.4953966e-01   6.9689536e-01  -1.1686259e-01   7.0758745e-01   3.7569364e-03
   4.5755427e+01   3.4606507e+01   1.4296046e+01   4.5092422e+01   2.4733651e-01   6.9647715e-01  -1.1686704e-01   7.0799835e-01   3.7569364e-03
   4.5790994e+01   3.4606507e+01   1.7567466e+01   4.5092422e+01   3.6950210e-01   6.9438987e-01  -1.1676402e-01   7.1006259e-01   3.7569364e-03
   4.5790994e+01   3.4570936e+01   1.7574927e+01   4.1146532e+01   3.5319200e-01   6.9396706e-01  -1.1676702e-01   7.1047532e-01   3.7569364e-03
   4.5755427e+01   3.4570936e+01   1.4302118e+01   4.1146532e+01   2.3127541e-01   6.9605815e-01  -1.1687108e-01   7.0840963e-01   3.7569364e-03
   4.5826562e+01   3.4606507e+01   2.0838975e+01   4.5092422e+01   4.6099303e-01   6.9229061e-01  -1.1665784e-01   7.1212686e-01   3.7569364e-03
   4.5862129e+01   3.4606507e+01   2.4110390e+01   4.5092422e+01   4.5416672e-01   6.9017772e-01  -1.1654774e-01   7.1419279e-01   3.7569364e-03
   4.5862129e+01   3.4570936e+01   2.4120630e+01   4.1146532e+01   4.5584854e-01   6.8974729e-01  -1.1654818e-01   7.1460842e-01   3.7569364e-03
   4.5826562e+01   3.4570936e+01   2.0847826e+01   4.1146532e+01   4.4424696e-01   6.9186403e-01  -1.1665950e-01   7.1254103e-01   3.7569364e-03
   4.5826562e+01   3.4535365e+01   2.0856668e+01   3.7200666e+01   3.8840149e-01   6.9143665e-01  -1.1666092e-01   7.1295553e-01   3.7569364e-03
   4.5862129e+01   3.4535365e+01   2.4130860e+01   3.7200666e+01   3.9537725e-01   6.8931601e-01  -1.1654840e-01   7.1502441e-01   3.7569364e-03
   4.5862129e+01   3.4499794e+01   2.4141081e+01   3.3254823e+01   3.5493492e-01   6.8888386e-01  -1.1654818e-01   7.1544080e-01   3.7569364e-03
   4.5826562e+01   3.4499794e+01   2.0865502e+01   3.3254823e+01   3.3441644e-01   6.9100832e-01  -1.1666192e-01   7.1337052e-01   3.7569364e-03
   4.5755427e+01   3.4535365e+01   1.4308184e+01   3.7200666e+01   2.1527543e-01   6.9563836e-01  -1.1687489e-01   7.0882123e-01   3.7569364e-03
   4.5790994e+01   3.4535365e+01   1.7582381e+01   3.7200666e+01   3.1974549e-01   6.9354348e-01  -1.1676965e-01   7.1088838e-01   3.7569364e-03
   4.5790994e+01   3.4499794e+01   1.7589828e+01   3.3254823e+01   2.6613135e-01   6.9311896e-01  -1.1677184e-01   7.1130194e-01   3.7569364e-03
   4.5755427e+01   3.4499794e+01   1.4314244e+01   3.3254823e+01   1.7616942e-01   6.9521759e-01  -1.1687846e-01   7.0923334e-01   3.7569364e-03
   4.5666508e+01   3.4553151e+01   6.1212487e+00   3.9173652e+01   4.5170464e-02   7.0100786e-01  -1.1711678e-01   7.0347114e-01   3.7569364e-03
   4.5577589e+01   3.4748790e+01  -2.0578361e+00   6.0876104e+01  -1.2857073e-02   7.0827645e-01  -1.1727908e-01   6.9612505e-01   3.7569364e-03
   4.5577589e+01   3.4713220e+01  -2.0587147e+00   5.6930232e+01  -2.1096396e-02   7.0787903e-01  -1.1729037e-01   6.9652728e-01   3.7569364e-03
   4.5559806e+01   3.4659863e+01  -3.6946542e+00   5.1011245e+01  -1.3038720e-02   7.0827868e-01  -1.1734614e-01   6.9611148e-01   3.7569364e-03
   4.5559806e+01   3.4588721e+01  -3.6977973e+00   4.3119419e+01  -1.1509484e-02   7.0748263e-01  -1.1736799e-01   6.9691685e-01   3.7569364e-03
   4.5559806e+01   3.4517580e+01  -3.7009347e+00   3.5227797e+01   4.5855402e-03   7.0668327e-01  -1.1738876e-01   6.9772390e-01   3.7569364e-03
   4.6733532e+01   3.5335710e+01   1.0334244e+02   1.2598804e+02  -7.7282817e-03   6.4421175e-01  -1.1312599e-01   7.5643488e-01   3.7569364e-03
   4.7302611e+01   3.5335710e+01   1.5522027e+02   1.2598804e+02  -7.7953927e-03   6.0329824e-01  -1.0950052e-01   7.8996258e-01   3.7569364e-03
   4.7302611e+01   3.4766576e+01   1.5629727e+02   6.2849160e+01  -7.3647035e-03   5.9373290e-01  -1.0867412e-01   7.9728990e-01   3.7569364e-03
   4.6733532e+01   3.4766576e+01   1.0405940e+02   6.2849160e+01  -1.4582542e-02   6.3587810e-01  -1.1268276e-01   7.6351924e-01   3.7569364e-03
   4.6733532e+01   3.4197442e+01   1.0476598e+02  -2.8374054e-01   1.8839188e-02   6.2727644e-01  -1.1214676e-01   7.7067981e-01   3.7569364e-03
   4.7160341e+01   3.4339725e+01   1.4396905e+02   1.5498871e+01   1.3386007e-02   5.9757052e-01  -1.0918585e-01   7.9434748e-01   3.7569364e-03
   4.7320395e+01   3.4464223e+01   1.5850139e+02   2.9309003e+01  -3.7106421e-03   5.8711587e-01  -1.0804088e-01   8.0226064e-01   3.7569364e-03
   4.7320395e+01   3.4428652e+01   1.5856836e+02   2.5363206e+01  -1.1250571e-02   5.8649546e-01  -1.0798163e-01   8.0272227e-01   3.7569364e-03
   4.7320395e+01   3.4393081e+01   1.5863527e+02   2.1417432e+01  -7.1719786e-03   5.8587373e-01  -1.0792201e-01   8.0318417e-01   3.7569364e-03
   4.7320395e+01   3.4357511e+01   1.5870211e+02   1.7471793e+01   8.9079217e-03   5.8525084e-01  -1.0786194e-01   8.0364623e-01   3.7569364e-03
   4.7320395e+01   3.4321940e+01   1.5876889e+02   1.3526066e+01   8.1905822e-03   5.8462677e-01  -1.0780152e-01   8.0410843e-01   3.7569364e-03
   4.7160341e+01   3.4055158e+01   1.4445180e+02  -1.6066092e+01   1.1380498e-02   5.9272686e-01  -1.0874730e-01   7.9802813e-01   3.7569364e-03
   4.7160341e+01   3.3770591e+01   1.4493095e+02  -4.7629576e+01   1.1465717e-02   5.8780746e-01  -1.0828325e-01   8.0172135e-01   3.7569364e-03
   4.7089206e+01   3.3557165e+01   1.3866482e+02  -7.1301304e+01   6.3909157e-03   5.8979222e-01  -1.0855682e-01   8.0022531e-01   3.7569364e-03
   4.7089206e+01   3.3414882e+01   1.3889087e+02  -8.7081886e+01   2.7836812e-03   5.8731712e-01  -1.0831836e-01   8.0207589e-01   3.7569364e-03
   4.6733532e+01   3.3628307e+01   1.0546210e+02  -6.3410820e+01   1.4634960e-02   6.1839922e-01  -1.1151619e-01   7.7791166e-01   3.7569364e-03
   4.5524238e+01   3.4410867e+01  -6.9847719e+00   2.3390372e+01   1.9890185e-02   7.0749058e-01  -1.1750238e-01   6.9688612e-01   3.7569364e-03
   4.5524238e+01   3.4268583e+01  -6.9965340e+00   7.6074634e+00   3.2929698e-02   7.0588706e-01  -1.1754137e-01   6.9850375e-01   3.7569364e-03
   4.5666508e+01   3.4410867e+01   6.1316124e+00   2.3390372e+01   5.1815086e-02   6.9935904e-01  -1.1714158e-01   7.0510622e-01   3.7569364e-03
   4.5773210e+01   3.4446438e+01   1.5962110e+01   2.7336157e+01   1.5079581e-01   6.9353356e-01  -1.1682917e-01   7.1088828e-01   3.7569364e-03
   4.5826562e+01   3.4464223e+01   2.0874328e+01   2.9309003e+01   2.5478148e-01   6.9057919e-01  -1.1666268e-01   7.1378582e-01   3.7569364e-03
   4.5862129e+01   3.4464223e+01   2.4151293e+01   2.9309003e+01   2.9184322e-01   6.8845083e-01  -1.1654773e-01   7.1585759e-01   3.7569364e-03
   4.5862129e+01   3.4428652e+01   2.4161495e+01   2.5363206e+01   2.1835353e-01   6.8801700e-01  -1.1654687e-01   7.1627469e-01   3.7569364e-03
   4.5826562e+01   3.4428652e+01   2.0883146e+01   2.5363206e+01   1.9480921e-01   6.9014915e-01  -1.1666302e-01   7.1420158e-01   3.7569364e-03
   4.5844345e+01   3.4375296e+01   2.2536523e+01   1.9444610e+01   1.3568902e-01   6.8843431e-01  -1.1660438e-01   7.1586425e-01   3.7569364e-03
   4.5773210e+01   3.4375296e+01   1.5975580e+01   1.9444610e+01   9.6222157e-02   6.9268328e-01  -1.1683318e-01   7.1171615e-01   3.7569364e-03
   4.5808778e+01   3.4268583e+01   1.9280398e+01   7.6074634e+00   7.0013548e-02   6.8927503e-01  -1.1672095e-01   7.1503577e-01   3.7569364e-03
   4.5666508e+01   3.4268583e+01   6.1419378e+00   7.6074634e+00   4.3615488e-02   6.9769695e-01  -1.1716145e-01   7.0674760e-01   3.7569364e-03
   4.5737643e+01   3.4055158e+01   1.2743076e+01  -1.6066092e+01   4.3153481e-02   6.9095103e-01  -1.1695508e-01   7.1337800e-01   3.7569364e-03
   4.5453103e+01   3.4055158e+01  -1.3599816e+01  -1.6066092e+01   2.1029673e-02   7.0750785e-01  -1.1777225e-01   6.9682303e-01   3.7569364e-03
   4.5897697e+01   3.4464223e+01   2.7428347e+01   2.9309003e+01   3.0626615e-01   6.8630416e-01  -1.1642819e-01   7.1793529e-01   3.7569364e-03
   4.5933264e+01   3.4464223e+01   3.0705305e+01   2.9309003e+01   2.8282486e-01   6.8414520e-01  -1.1630526e-01   7.2001280e-01   3.7569364e-03
   4.5933264e+01   3.4428652e+01   3.0718276e+01   2.5363206e+01   2.2956898e-01   6.8370355e-01  -1.1630194e-01   7.2043273e-01   3.7569364e-03
   4.5897697e+01   3.4428652e+01   2.7439933e+01   2.5363206e+01   2.2921248e-01   6.8586640e-01  -1.1642611e-01   7.1835384e-01   3.7569364e-03
   4.5968831e+01   3.4464223e+01   3.3982260e+01   2.9309003e+01   2.5081639e-01   6.8197035e-01  -1.1617811e-01   7.2209354e-01   3.7569364e-03
   4.6004399e+01   3.4464223e+01   3.7259302e+01   2.9309003e+01   2.0148456e-01   6.7977863e-01  -1.1604674e-01   7.2417827e-01   3.7569364e-03
   4.6004399e+01   3.4428652e+01   3.7275042e+01   2.5363206e+01   1.8669996e-01   6.7932901e-01  -1.1604094e-01   7.2460099e-01   3.7569364e-03
   4.5968831e+01   3.4428652e+01   3.3996615e+01   2.5363206e+01   2.1609606e-01   6.8152476e-01  -1.1617356e-01   7.2251485e-01   3.7569364e-03
   4.5968831e+01   3.4393081e+01   3.4010957e+01   2.1417432e+01   1.6544878e-01   6.8107822e-01  -1.1616875e-01   7.2293657e-01   3.7569364e-03
   4.6004399e+01   3.4393081e+01   3.7290767e+01   2.1417432e+01   1.5350693e-01   6.7887846e-01  -1.1603470e-01   7.2502413e-01   3.7569364e-03
   4.6004399e+01   3.4357511e+01   3.7306477e+01   1.7471793e+01   1.1886794e-01   6.7842702e-01  -1.1602822e-01   7.2544760e-01   3.7569364e-03
   4.5968831e+01   3.4357511e+01   3.4025285e+01   1.7471793e+01   1.3673882e-01   6.8063074e-01  -1.1616352e-01   7.2335871e-01   3.7569364e-03
   4.5897697e+01   3.4393081e+01   2.7451509e+01   2.1417432e+01   1.7691113e-01   6.8542778e-01  -1.1642378e-01   7.1877275e-01   3.7569364e-03
   4.5933264e+01   3.4393081e+01   3.0731235e+01   2.1417432e+01   1.7849051e-01   6.8326096e-01  -1.1629838e-01   7.2085307e-01   3.7569364e-03
   4.5933264e+01   3.4357511e+01   3.0744182e+01   1.7471793e+01   1.3931430e-01   6.8281747e-01  -1.1629439e-01   7.2127382e-01   3.7569364e-03
   4.5897697e+01   3.4357511e+01   2.7463074e+01   1.7471793e+01   1.2641151e-01   6.8498822e-01  -1.1642121e-01   7.1919208e-01   3.7569364e-03
   4.6039966e+01   3.4464223e+01   4.0536248e+01   2.9309003e+01   1.5925597e-01   6.7757437e-01  -1.1591170e-01   7.2626266e-01   3.7569364e-03
   4.6075534e+01   3.4464223e+01   4.3813281e+01   2.9309003e+01   1.1242685e-01   6.7535215e-01  -1.1577205e-01   7.2835177e-01   3.7569364e-03
   4.6075534e+01   3.4428652e+01   4.3831789e+01   2.5363206e+01   1.1651896e-01   6.7489441e-01  -1.1576371e-01   7.2877726e-01   3.7569364e-03
   4.6039966e+01   3.4428652e+01   4.0553372e+01   2.5363206e+01   1.4343578e-01   6.7712074e-01  -1.1590464e-01   7.2668674e-01   3.7569364e-03
   4.6111101e+01   3.4464223e+01   4.7090216e+01   2.9309003e+01   8.8652904e-02   6.7311442e-01  -1.1562850e-01   7.3044304e-01   3.7569364e-03
   4.6146669e+01   3.4464223e+01   5.0367238e+01   2.9309003e+01   7.2948808e-02   6.7086407e-01  -1.1548110e-01   7.3253362e-01   3.7569364e-03
   4.6146669e+01   3.4428652e+01   5.0388515e+01   2.5363206e+01   7.6526717e-02   6.7039827e-01  -1.1547006e-01   7.3296168e-01   3.7569364e-03
   4.6111101e+01   3.4428652e+01   4.7110109e+01   2.5363206e+01   9.3933561e-02   6.7265267e-01  -1.1561876e-01   7.3086982e-01   3.7569364e-03
   4.6128885e+01   3.4375296e+01   4.8780154e+01   1.9444610e+01   8.3350353e-02   6.7082917e-01  -1.1552865e-01   7.3255809e-01   3.7569364e-03
   4.6039966e+01   3.4393081e+01   4.0570480e+01   2.1417432e+01   1.3172279e-01   6.7666618e-01  -1.1589715e-01   7.2711122e-01   3.7569364e-03
   4.6075534e+01   3.4393081e+01   4.3850281e+01   2.1417432e+01   1.1363399e-01   6.7443583e-01  -1.1575496e-01   7.2920306e-01   3.7569364e-03
   4.6075534e+01   3.4357511e+01   4.3868754e+01   1.7471793e+01   9.7757302e-02   6.7397626e-01  -1.1574594e-01   7.2962928e-01   3.7569364e-03
   4.6039966e+01   3.4357511e+01   4.0587572e+01   1.7471793e+01   1.0658325e-01   6.7621070e-01  -1.1588941e-01   7.2753607e-01   3.7569364e-03
   4.6093318e+01   3.4268583e+01   4.5557178e+01   7.6074634e+00   6.7569404e-02   6.7169685e-01  -1.1564718e-01   7.3174385e-01   3.7569364e-03
   4.5951048e+01   3.4268583e+01   3.2418820e+01   7.6074634e+00   8.5952859e-02   6.8060735e-01  -1.1621646e-01   7.2337222e-01   3.7569364e-03
   4.6235587e+01   3.4410867e+01   5.8596678e+01   2.3390372e+01   4.5057636e-02   6.6444592e-01  -1.1507118e-01   7.3842416e-01   3.7569364e-03
   4.6377857e+01   3.4410867e+01   7.1712744e+01   2.3390372e+01   2.8433645e-02   6.5509038e-01  -1.1438653e-01   7.4684156e-01   3.7569364e-03
   4.6377857e+01   3.4268583e+01   7.1833511e+01   7.6074634e+00   3.2850960e-02   6.5310464e-01  -1.1430353e-01   7.4859136e-01   3.7569364e-03
   4.6235587e+01   3.4268583e+01   5.8695356e+01   7.6074634e+00   4.5232197e-02   6.6252909e-01  -1.1500989e-01   7.4015399e-01   3.7569364e-03
   4.6306722e+01   3.4055158e+01   6.5428268e+01  -1.6066092e+01   3.4407644e-02   6.5489534e-01  -1.1454737e-01   7.4698795e-01   3.7569364e-03
   4.6022183e+01   3.4055158e+01   3.9085869e+01  -1.6066092e+01   4.7556625e-02   6.7342987e-01  -1.1588556e-01   7.3011146e-01   3.7569364e-03
   4.6164452e+01   3.3628307e+01   5.2516550e+01  -6.3410820e+01   2.1563012e-02   6.5848142e-01  -1.1504223e-01   7.4375232e-01   3.7569364e-03
   4.5595373e+01   3.3628307e+01  -4.3049769e-01  -6.3410820e+01   2.1524962e-02   6.9431114e-01  -1.1743165e-01   7.1002947e-01   3.7569364e-03
