   3.1472369e-01   4.0579194e-01  -3.7301318e-01   2.0082675e+02   2.0264718e+01   9.3965725e+00   1.1980158e-02   1.0000000e+00   1.5552808e+03
  -8.7735909e-02   1.8429016e-01  -3.2613166e-01   2.0174177e+02   2.1194496e+01   9.1751878e+00   1.2246972e-02   2.0000000e+00   1.5676181e+03
   1.7000422e-01   4.2742262e-01  -4.3390464e-01   2.0205272e+02   2.0536869e+01   8.8276852e+00   1.2310001e-02   6.0000000e+00   1.5869818e+03
  -1.0618384e-01   6.7868968e-01  -6.7880953e-01   2.0206464e+02   2.0935022e+01   8.5951571e+00   1.3026882e-02   1.2000000e+01   1.6036284e+03
  -4.4400153e-01   9.7297422e-01  -8.6759449e-01   2.0212170e+02   2.0266320e+01   8.5409556e+00   1.2985220e-02   1.9000000e+01   1.6076019e+03
  -3.4201959e-01   7.3594551e-01  -7.1351539e-01   2.0250013e+02   2.0762623e+01   8.4941707e+00   1.2822120e-02   2.0000000e+01   1.6098483e+03
  -3.9147799e-01   3.1976689e-01  -9.8453842e-01   2.0332681e+02   2.0067379e+01   8.4136113e+00   1.3177162e-02   2.1000000e+01   1.6163367e+03
   7.0420090e-02  -1.7559889e-01  -7.0962796e-01   2.0396141e+02   2.0804768e+01   8.2868824e+00   1.3024898e-02   2.3000000e+01   1.6226399e+03
  -3.4514406e-01  -2.7581624e-01  -9.4975755e-01   2.0456155e+02   2.0667596e+01   8.2090316e+00   1.3406972e-02   2.4000000e+01   1.6295688e+03
  -2.6543948e-01  -2.2595604e-01  -1.3048028e+00   2.0526761e+02   2.0911706e+01   7.6982255e+00   1.4707048e-02   2.6000000e+01   1.6647994e+03
  -2.7457538e-01  -2.3670340e-01  -1.4670833e+00   2.0606772e+02   2.0650200e+01   7.3850525e+00   1.5174720e-02   2.9000000e+01   1.6863879e+03
  -4.2852999e-02  -8.8957437e-02  -1.5161596e+00   2.0616174e+02   2.0242842e+01   7.1985794e+00   1.5121267e-02   3.3000000e+01   1.6990743e+03
   3.3308981e-01  -3.8801094e-02  -1.3936846e+00   2.0633583e+02   1.9658326e+01   7.0704450e+00   1.4125970e-02   3.8000000e+01   1.7068938e+03
   1.3433614e-01  -6.7877745e-02  -1.6631964e+00   2.0702444e+02   1.9047855e+01   6.8913434e+00   1.4856198e-02   3.9000000e+01   1.7207846e+03
   1.2294512e-01   1.0647316e-02  -1.9259128e+00   2.0694214e+02   1.9974032e+01   6.6761035e+00   1.7418989e-02   4.5000000e+01   1.7382955e+03
   1.6975084e-01   3.1783146e-02  -2.1943184e+00   2.0691994e+02   2.0222152e+01   6.5440125e+00   1.9236611e-02   4.6000000e+01   1.7499880e+03
   3.4888638e-01  -7.2701638e-02  -2.3268818e+00   2.0789590e+02   1.9297630e+01   6.2687823e+00   1.8921856e-02   4.7000000e+01   1.7719878e+03
   6.2793810e-01   1.4233544e-01  -1.9231612e+00   2.0867775e+02   1.8965956e+01   5.9437239e+00   1.6134375e-02   5.0000000e+01   1.7968135e+03
   8.2668393e-01  -1.5985473e-01  -2.3926203e+00   2.0916589e+02   1.8966001e+01   5.7598167e+00   1.8605789e-02   5.1000000e+01   1.8156207e+03
   8.0660607e-01   2.4486751e-01  -2.2827536e+00   2.0940123e+02   1.9684885e+01   5.4712693e+00   1.7761558e-02   5.2000000e+01   1.8431602e+03
   1.1120955e+00   3.2158902e-01  -2.5998312e+00   2.0888109e+02   2.0457909e+01   5.3760508e+00   1.9652790e-02   5.3000000e+01   1.8554425e+03
   6.4076965e-01   3.1149041e-01  -2.9319040e+00   2.0983845e+02   2.0883298e+01   5.2150735e+00   2.0282893e-02   5.4000000e+01   1.8756030e+03
   6.4124127e-01   2.8257878e-01  -3.3722851e+00   2.1020240e+02   1.9968160e+01   5.1376213e+00   2.1305474e-02   5.5000000e+01   1.8852970e+03
   2.1268674e-01   3.0422863e-01  -3.7755551e+00   2.1083869e+02   2.0603255e+01   5.0502512e+00   2.3109255e-02   5.6000000e+01   1.8980453e+03
   5.1301731e-01   2.5802634e-01  -3.8431636e+00   2.1148932e+02   1.9770194e+01   4.8526830e+00   2.2493992e-02   5.8000000e+01   1.9181021e+03
   4.1227509e-01   2.8490217e-01  -3.9263641e+00   2.1180304e+02   2.0026141e+01   4.7865736e+00   2.2828254e-02   6.0000000e+01   1.9262258e+03
   2.0425916e-01   2.1655334e-01  -4.4108770e+00   2.1277117e+02   1.9360478e+01   4.6715427e+00   2.4169237e-02   6.1000000e+01   1.9412416e+03
  -3.0459925e-02   5.4092960e-01  -3.9282136e+00   2.1323167e+02   1.9048232e+01   4.5301301e+00   2.1137963e-02   7.0000000e+01   1.9543000e+03
   5.3609408e-02   1.4869862e-01  -3.5219055e+00   2.1399097e+02   1.9683753e+01   4.5009844e+00   1.9461254e-02   7.1000000e+01   1.9563115e+03
   2.0805512e-01   5.6317815e-02  -3.2019242e+00   2.1442769e+02   2.0621052e+01   4.3810086e+00   1.8338318e-02   7.5000000e+01   1.9696767e+03
   2.3938902e-01  -1.1853650e-01  -3.5962950e+00   2.1464961e+02   2.1178656e+01   4.3611102e+00   2.0515457e-02   7.6000000e+01   1.9751786e+03
   2.6653176e-01  -1.6111214e-01  -3.2209234e+00   2.1468571e+02   2.2065901e+01   4.3448681e+00   1.9231394e-02   7.8000000e+01   1.9760754e+03
   4.0424086e-01   2.9658180e-01  -3.4802164e+00   2.1503796e+02   2.1644030e+01   4.0620325e+00   1.9601637e-02   7.9000000e+01   2.0120282e+03
   5.7604903e-01   4.9172230e-01  -3.9122236e+00   2.1454754e+02   2.1092110e+01   4.0513632e+00   2.1145399e-02   8.0000000e+01   2.0153655e+03
   7.4388175e-01   8.3611446e-01  -4.0677612e+00   2.1510858e+02   2.1442775e+01   3.7677521e+00   2.1600437e-02   8.1000000e+01   2.0543079e+03
   2.5059707e-01   9.3828495e-01  -4.1809900e+00   2.1594056e+02   2.0445077e+01   3.7199859e+00   2.2282183e-02   8.2000000e+01   2.0594304e+03
   2.1304623e-01   8.6263399e-01  -4.2200737e+00   2.1648088e+02   2.0090020e+01   3.6726930e+00   2.2111584e-02   8.3000000e+01   2.0659624e+03
   2.8925561e-01   1.0459972e+00  -4.1734806e+00   2.1633234e+02   2.0378906e+01   3.6053452e+00   2.2148696e-02   8.7000000e+01   2.0753667e+03
   4.3687324e-01   1.2250140e+00  -4.0376938e+00   2.1722268e+02   1.9796776e+01   3.3788634e+00   2.0619517e-02   8.8000000e+01   2.1074947e+03
   6.4615494e-01   9.6124456e-01  -4.4182976e+00   2.1743729e+02   1.9697051e+01   3.4051004e+00   2.1357099e-02   8.9000000e+01   2.1069393e+03
   8.0809969e-01   1.2315301e+00  -4.5680796e+00   2.1776131e+02   1.9529368e+01   3.2434043e+00   2.1732456e-02   9.0000000e+01   2.1327173e+03
   1.1500288e+00   1.5644469e+00  -4.8116386e+00   2.1798823e+02   1.9693867e+01   3.0520640e+00   2.2477819e-02   9.1000000e+01   2.1659518e+03
   1.1907682e+00   1.9343879e+00  -5.0468596e+00   2.1762438e+02   1.8932296e+01   3.0167590e+00   2.2534334e-02   9.2000000e+01   2.1728287e+03
   1.6305977e+00   2.0799398e+00  -5.0673963e+00   2.1790302e+02   1.9021728e+01   2.8549828e+00   2.3013692e-02   9.3000000e+01   2.2007085e+03
   1.7779091e+00   2.1238257e+00  -4.8463497e+00   2.1794801e+02   2.0009137e+01   2.7829699e+00   2.2749629e-02   9.4000000e+01   2.2135887e+03
   1.6437253e+00   2.3873304e+00  -4.7184533e+00   2.1849197e+02   2.0874844e+01   2.6714763e+00   2.0508865e-02   9.6000000e+01   2.2377613e+03
   2.1164662e+00   2.0793587e+00  -5.0795791e+00   2.1888450e+02   2.0062484e+01   2.6414066e+00   2.3844952e-02   9.7000000e+01   2.2418027e+03
   2.1418706e+00   2.1097029e+00  -4.7184393e+00   2.1885421e+02   1.9849397e+01   2.6171539e+00   2.1323453e-02   9.8000000e+01   2.2447803e+03
   2.3133017e+00   2.3509609e+00  -4.6983869e+00   2.1854963e+02   1.9149392e+01   2.5784216e+00   2.0295532e-02   9.9000000e+01   2.2517734e+03
   2.6350229e+00   2.2808823e+00  -4.3106159e+00   2.1833200e+02   1.9687620e+01   2.5390543e+00   1.8636653e-02   1.0300000e+02   2.2581459e+03
   2.5318144e+00   2.5893964e+00  -4.0555388e+00   2.1808679e+02   1.9119658e+01   2.5232938e+00   1.6356911e-02   1.0400000e+02   2.2602807e+03
   2.8222216e+00   3.0387003e+00  -4.2279734e+00   2.1842932e+02   1.8996948e+01   2.3631713e+00   1.6348845e-02   1.0500000e+02   2.2955189e+03
   3.1557222e+00   3.3075546e+00  -4.5607198e+00   2.1915328e+02   1.9976692e+01   2.2074035e+00   1.7979865e-02   1.0600000e+02   2.3341300e+03
   3.1701457e+00   3.6918356e+00  -4.4726938e+00   2.1846278e+02   1.9376418e+01   2.2031162e+00   1.6585469e-02   1.0700000e+02   2.3347602e+03
   3.0771005e+00   3.9405413e+00  -4.1471099e+00   2.1904271e+02   1.9013467e+01   2.1145130e+00   1.4108309e-02   1.0800000e+02   2.3552629e+03
   3.5067094e+00   4.1372085e+00  -4.0643190e+00   2.1967350e+02   1.9771494e+01   1.9769509e+00   1.3361751e-02   1.1100000e+02   2.3916522e+03
   3.9956210e+00   3.6377309e+00  -3.6988804e+00   2.1989864e+02   2.0751395e+01   1.9605886e+00   1.2615315e-02   1.1200000e+02   2.3945606e+03
   4.0702822e+00   3.9829091e+00  -3.4602401e+00   2.2007061e+02   2.0244864e+01   1.8863623e+00   1.1212606e-02   1.1400000e+02   2.4129013e+03
   4.5525854e+00   4.2519381e+00  -3.3787936e+00   2.2092724e+02   2.0405045e+01   1.7358423e+00   1.0758848e-02   1.1600000e+02   2.4553724e+03
   4.6048768e+00   4.3818215e+00  -3.8468026e+00   2.2115666e+02   2.0129868e+01   1.7289101e+00   1.1835456e-02   1.1800000e+02   2.4608395e+03
   4.9788042e+00   4.1521159e+00  -4.1383412e+00   2.2128662e+02   2.0410491e+01   1.7276756e+00   1.4006000e-02   1.2200000e+02   2.4607669e+03
   5.0997628e+00   4.2258256e+00  -4.5862633e+00   2.2214902e+02   2.0867815e+01   1.7004218e+00   1.5180657e-02   1.2400000e+02   2.4737838e+03
   5.3376045e+00   3.7892301e+00  -4.2258228e+00   2.2301784e+02   2.1836611e+01   1.6459547e+00   1.4690959e-02   1.2500000e+02   2.4888604e+03
   5.6965433e+00   4.0747891e+00  -4.2124454e+00   2.2237304e+02   2.1633790e+01   1.6081427e+00   1.6380339e-02   1.2600000e+02   2.4963429e+03
   5.6636115e+00   4.2229875e+00  -4.6872172e+00   2.2305745e+02   2.1751855e+01   1.6193122e+00   1.6598002e-02   1.2800000e+02   2.4993511e+03
   5.4944405e+00   4.6214737e+00  -5.0690620e+00   2.2403429e+02   2.1831819e+01   1.5946202e+00   1.5757494e-02   1.3000000e+02   2.5139709e+03
   5.7013579e+00   5.1209653e+00  -5.2812126e+00   2.2386333e+02   2.1761499e+01   1.5704687e+00   1.6120239e-02   1.3100000e+02   2.5233618e+03
   5.6698261e+00   5.5330978e+00  -5.6772011e+00   2.2435443e+02   2.2234034e+01   1.5623136e+00   1.6736912e-02   1.3400000e+02   2.5305487e+03
   5.6752542e+00   5.7945236e+00  -5.5461311e+00   2.2353421e+02   2.1395759e+01   1.5542170e+00   1.6347020e-02   1.3900000e+02   2.5306214e+03
   5.9524948e+00   6.1996584e+00  -5.5123591e+00   2.2275252e+02   2.2047377e+01   1.5331430e+00   1.7275486e-02   1.4000000e+02   2.5367946e+03
   6.0559628e+00   6.2257609e+00  -5.2826497e+00   2.2316703e+02   2.2610131e+01   1.4807508e+00   1.6530081e-02   1.4200000e+02   2.5544526e+03
   5.8439397e+00   6.4182928e+00  -5.2259798e+00   2.2296007e+02   2.1733312e+01   1.4667136e+00   1.5935559e-02   1.4300000e+02   2.5580168e+03
   6.1241153e+00   6.2558767e+00  -5.1181139e+00   2.2344257e+02   2.0942939e+01   1.4434795e+00   1.5387230e-02   1.4400000e+02   2.5640232e+03
   5.7520037e+00   6.3054168e+00  -5.1328845e+00   2.2422353e+02   2.1540859e+01   1.4153162e+00   1.5265945e-02   1.4500000e+02   2.5764239e+03
   5.5808179e+00   6.4592288e+00  -4.8837531e+00   2.2438990e+02   2.2020924e+01   1.3571713e+00   1.5445311e-02   1.4800000e+02   2.5958394e+03
   5.3156448e+00   6.6941864e+00  -4.4131545e+00   2.2512376e+02   2.1193393e+01   1.2445236e+00   1.5673252e-02   1.4900000e+02   2.6317827e+03
   5.1820814e+00   6.5633852e+00  -4.2281261e+00   2.2531964e+02   2.1772121e+01   1.2275873e+00   1.5892190e-02   1.5000000e+02   2.6371464e+03
   5.1145664e+00   6.7581374e+00  -3.9700268e+00   2.2518493e+02   2.2083117e+01   1.1807441e+00   1.6753280e-02   1.5500000e+02   2.6518688e+03
   4.8321297e+00   6.5091792e+00  -3.5771044e+00   2.2559137e+02   2.2194593e+01   1.1706731e+00   1.5671278e-02   1.6200000e+02   2.6522790e+03
   4.6829064e+00   6.6947149e+00  -3.7829557e+00   2.2565263e+02   2.2859440e+01   1.1743805e+00   1.6721813e-02   1.6700000e+02   2.6541814e+03
   4.7412256e+00   6.9372603e+00  -3.8586210e+00   2.2551134e+02   2.2109185e+01   1.1683948e+00   1.6703030e-02   1.6900000e+02   2.6559745e+03
   4.6991120e+00   6.6777387e+00  -3.5947230e+00   2.2603000e+02   2.2590481e+01   1.1498625e+00   1.5275164e-02   1.7100000e+02   2.6640261e+03
   4.9018143e+00   6.3313291e+00  -3.1412659e+00   2.2611177e+02   2.2949949e+01   1.1184108e+00   1.4263601e-02   1.7400000e+02   2.6727771e+03
   5.3254899e+00   6.4850290e+00  -2.7086524e+00   2.2543879e+02   2.3792144e+01   1.0485793e+00   1.3637647e-02   1.7700000e+02   2.7000314e+03
   5.6201478e+00   6.5624232e+00  -2.7686168e+00   2.2495402e+02   2.4296036e+01   1.0417804e+00   1.3703349e-02   1.7800000e+02   2.7056080e+03
   5.9724117e+00   6.5680598e+00  -2.6329554e+00   2.2585581e+02   2.4183965e+01   9.7869145e-01   1.2745572e-02   1.8100000e+02   2.7364612e+03
   5.5324305e+00   6.9348097e+00  -2.5017667e+00   2.2556595e+02   2.5177971e+01   9.5518772e-01   1.2940909e-02   1.8200000e+02   2.7486216e+03
   5.8329892e+00   7.1806572e+00  -2.1886538e+00   2.2533257e+02   2.5412530e+01   9.0140509e-01   1.0853236e-02   1.8800000e+02   2.7779674e+03
   6.1374387e+00   7.6667614e+00  -2.6586619e+00   2.2540390e+02   2.4586684e+01   8.9881468e-01   1.0978585e-02   1.9000000e+02   2.7864609e+03
   6.4395302e+00   8.1559063e+00  -3.0917156e+00   2.2628269e+02   2.3623039e+01   8.8643484e-01   1.0341469e-02   1.9100000e+02   2.8017447e+03
   6.6233688e+00   8.4396428e+00  -3.0575781e+00   2.2705341e+02   2.4421049e+01   8.3344741e-01   9.4043339e-03   1.9200000e+02   2.8381702e+03
   6.7398123e+00   8.8793038e+00  -3.2031223e+00   2.2687467e+02   2.5389748e+01   8.2075178e-01   9.5085927e-03   1.9400000e+02   2.8508205e+03
   7.1853915e+00   9.0559485e+00  -2.7148201e+00   2.2740833e+02   2.5063146e+01   7.4578214e-01   7.0556144e-03   1.9500000e+02   2.8996224e+03
   7.2880297e+00   9.3064685e+00  -2.6312869e+00   2.2751192e+02   2.5230288e+01   7.2433349e-01   6.5514815e-03   1.9700000e+02   2.9158448e+03
   7.2998496e+00   8.8890613e+00  -2.4117168e+00   2.2850423e+02   2.4939356e+01   7.0411455e-01   6.2454505e-03   1.9800000e+02   2.9269351e+03
   7.7711084e+00   8.7355100e+00  -2.0251729e+00   2.2841362e+02   2.4766211e+01   6.7329687e-01   4.9141004e-03   1.9900000e+02   2.9493763e+03
   7.6100641e+00   8.4456557e+00  -2.0150204e+00   2.2922635e+02   2.5024059e+01   6.6987411e-01   5.3176191e-03   2.0600000e+02   2.9497674e+03
   7.9216667e+00   8.4313073e+00  -1.6205726e+00   2.2850144e+02   2.4804069e+01   6.5190961e-01   4.2517567e-03   2.0800000e+02   2.9621137e+03
   8.3490229e+00   8.8488012e+00  -1.4069986e+00   2.2873812e+02   2.4490644e+01   6.2642541e-01   3.2899918e-03   2.0900000e+02   2.9862969e+03
   8.7850502e+00   8.4735752e+00  -1.1764133e+00   2.2903107e+02   2.5156948e+01   6.0283522e-01   2.9309764e-03   2.1000000e+02   3.0066713e+03
   8.6833325e+00   8.7233974e+00  -8.4119274e-01   2.2867599e+02   2.5261472e+01   5.9621234e-01   2.4685738e-03   2.1100000e+02   3.0116519e+03
   9.1624616e+00   8.7727059e+00  -1.0107691e+00   2.2891493e+02   2.4982745e+01   5.8580763e-01   2.4182394e-03   2.1200000e+02   3.0241685e+03
   9.4189711e+00   8.6866067e+00  -1.0184240e+00   2.2930442e+02   2.5928212e+01   5.6797237e-01   2.5284628e-03   2.1300000e+02   3.0409310e+03
   9.7751534e+00   8.4681144e+00  -7.8737320e-01   2.2857995e+02   2.6601658e+01   5.6474653e-01   2.4499666e-03   2.1700000e+02   3.0403855e+03
   9.8633628e+00   8.3342712e+00  -4.8061365e-01   2.2858751e+02   2.6580847e+01   5.5081003e-01   2.1089234e-03   2.1800000e+02   3.0512969e+03
   1.0240412e+01   8.1874130e+00  -5.3117010e-01   2.2951457e+02   2.5665442e+01   5.5107617e-01   1.8847614e-03   2.1900000e+02   3.0543261e+03
   1.0713370e+01   7.8766198e+00  -3.6404980e-01   2.2968745e+02   2.6015667e+01   5.4006538e-01   1.8575938e-03   2.2000000e+02   3.0616523e+03
   1.0259561e+01   7.5720966e+00  -1.4388399e-01   2.3013095e+02   2.6771265e+01   5.2889260e-01   1.8688091e-03   2.2600000e+02   3.0696502e+03
   1.0643578e+01   8.0158281e+00  -9.4725905e-02   2.3058773e+02   2.6924782e+01   5.1239465e-01   1.5672441e-03   2.3300000e+02   3.0914079e+03
   1.0532462e+01   7.9705700e+00  -3.4803871e-01   2.3115657e+02   2.7690457e+01   5.1168941e-01   1.8922103e-03   2.3900000e+02   3.0943824e+03
   1.0946174e+01   8.0288549e+00  -2.4917060e-01   2.3045433e+02   2.8489884e+01   4.8990546e-01   2.0090384e-03   2.4000000e+02   3.1130154e+03
   1.0772216e+01   7.9852795e+00  -3.5375022e-02   2.3122314e+02   2.8931595e+01   4.8827610e-01   1.7624931e-03   2.4500000e+02   3.1165621e+03
   1.0668038e+01   7.8834104e+00  -2.0007802e-02   2.3153820e+02   2.9833426e+01   4.8627148e-01   1.8856517e-03   2.4800000e+02   3.1180301e+03
   1.1099150e+01   7.5741950e+00  -2.6142555e-01   2.3233393e+02   3.0020149e+01   4.7481464e-01   2.2136496e-03   2.5500000e+02   3.1301483e+03
   1.1438847e+01   7.6068185e+00  -2.0753849e-01   2.3269406e+02   2.9754529e+01   4.7286148e-01   2.0025778e-03   2.7100000e+02   3.1338829e+03
   1.1839905e+01   8.0461983e+00  -4.8635403e-01   2.3265940e+02   2.9506552e+01   4.7200099e-01   2.0592185e-03   2.7800000e+02   3.1403390e+03
   1.2045856e+01   8.1913271e+00  -4.3404418e-01   2.3209562e+02   3.0051284e+01   4.6063866e-01   2.0941506e-03   2.8100000e+02   3.1527678e+03
   1.2154491e+01   8.6015223e+00  -2.4945997e-02   2.3227881e+02   2.9716427e+01   4.5541096e-01   1.5283010e-03   2.8300000e+02   3.1584803e+03
   1.2300026e+01   8.2247418e+00  -2.0548137e-02   2.3197333e+02   2.8900722e+01   4.5267645e-01   1.5408673e-03   2.9100000e+02   3.1601320e+03
   1.2511682e+01   8.5962183e+00  -1.9185853e-01   2.3227357e+02   2.9850394e+01   4.4417183e-01   1.6761464e-03   3.1700000e+02   3.1733878e+03
   1.2542647e+01   8.9974264e+00  -1.5130810e-01   2.3213753e+02   2.9935728e+01   4.4366841e-01   1.5462761e-03   3.2700000e+02   3.1757359e+03
   1.2224627e+01   8.5904154e+00  -1.8781885e-01   2.3115620e+02   3.0765780e+01   4.3822702e-01   1.9278895e-03   3.3500000e+02   3.1762961e+03
   1.2486737e+01   8.4379825e+00  -2.2658709e-01   2.3143484e+02   3.1600452e+01   4.3571643e-01   2.1052984e-03   3.4000000e+02   3.1793247e+03
   1.2148310e+01   8.6536179e+00  -1.4884822e-01   2.3130144e+02   3.2368938e+01   4.1682987e-01   2.1449962e-03   3.4100000e+02   3.2010345e+03
   1.2194711e+01   8.5002997e+00  -2.6045426e-02   2.3189469e+02   3.2860688e+01   4.0838727e-01   2.0983424e-03   3.6400000e+02   3.2105377e+03
   1.1857610e+01   8.8387054e+00  -3.5848450e-01   2.3189909e+02   3.3859347e+01   4.0846140e-01   2.5566570e-03   3.6800000e+02   3.2138619e+03
   1.2184060e+01   8.9121690e+00  -6.5902832e-02   2.3155717e+02   3.3306271e+01   4.0095978e-01   2.1030730e-03   3.7200000e+02   3.2219644e+03
   1.2323091e+01   9.2998059e+00  -3.6716608e-01   2.3134791e+02   3.4290621e+01   3.9536216e-01   2.4483936e-03   3.8600000e+02   3.2336657e+03
   1.1931527e+01   8.8359199e+00  -2.4907484e-01   2.3148219e+02   3.5214550e+01   3.8724800e-01   2.7880753e-03   3.8800000e+02   3.2391565e+03
   1.2177633e+01   8.9984360e+00  -2.2576152e-01   2.3100198e+02   3.6138538e+01   3.7800890e-01   2.8886395e-03   3.8900000e+02   3.2508182e+03
   1.2280929e+01   9.2817020e+00  -6.1183089e-01   2.3195911e+02   3.6835731e+01   3.7854745e-01   3.2232416e-03   3.9300000e+02   3.2571949e+03
   1.1888975e+01   9.2415776e+00  -6.6094813e-01   2.3206139e+02   3.7446540e+01   3.7605581e-01   3.6171922e-03   3.9600000e+02   3.2587875e+03
   1.2205830e+01   9.2705001e+00  -4.6659757e-01   2.3148620e+02   3.7533100e+01   3.6533854e-01   3.3422812e-03   4.0300000e+02   3.2726142e+03
   1.2535392e+01   9.5926822e+00  -3.9591472e-01   2.3162986e+02   3.7105136e+01   3.6478024e-01   2.8296283e-03   4.0800000e+02   3.2760693e+03
   1.2734526e+01   9.8889402e+00  -4.5432566e-01   2.3152229e+02   3.7036461e+01   3.6554253e-01   2.7080010e-03   4.0900000e+02   3.2777997e+03
   1.2480595e+01   9.9704314e+00  -1.6648785e-02   2.3061787e+02   3.6144417e+01   3.6159529e-01   2.1704519e-03   4.1700000e+02   3.2785833e+03
   1.2581434e+01   9.5828938e+00  -8.8313216e-04   2.3129355e+02   3.6985997e+01   3.5479674e-01   2.4041813e-03   4.2800000e+02   3.2853133e+03
   1.2656618e+01   9.6891118e+00  -2.8643739e-01   2.3133341e+02   3.7964368e+01   3.5052778e-01   2.8773171e-03   4.3500000e+02   3.2954578e+03
   1.2843338e+01   9.9228847e+00  -3.4926495e-01   2.3109309e+02   3.8923683e+01   3.4220760e-01   3.0681295e-03   4.4200000e+02   3.3092832e+03
   1.2412136e+01   9.6064129e+00  -1.1219230e-01   2.3148652e+02   3.9477669e+01   3.3542233e-01   3.0388150e-03   4.5400000e+02   3.3138661e+03
   1.2637128e+01   9.7138286e+00  -2.3825854e-02   2.3135339e+02   3.8966015e+01   3.3583428e-01   2.7404102e-03   4.6700000e+02   3.3135387e+03
   1.2744855e+01   1.0161831e+01  -4.6418423e-01   2.3089081e+02   3.9939375e+01   3.3357376e-01   3.3851894e-03   4.8500000e+02   3.3237313e+03
   1.3017062e+01   1.0137185e+01  -2.8328467e-01   2.3072468e+02   3.9699673e+01   3.3287843e-01   3.0832249e-03   4.8600000e+02   3.3233643e+03
   1.3363365e+01   1.0045249e+01  -3.2126651e-01   2.3137730e+02   4.0682080e+01   3.2708231e-01   3.1950134e-03   4.8800000e+02   3.3348552e+03
   1.3387313e+01   1.0470686e+01  -8.2244650e-02   2.3151216e+02   4.1619635e+01   3.1420126e-01   2.7988242e-03   4.8900000e+02   3.3549089e+03
   1.3496072e+01   1.0224435e+01  -4.4962992e-01   2.3160217e+02   4.2275243e+01   3.1547242e-01   3.5959187e-03   4.9300000e+02   3.3557175e+03
   1.3335071e+01   1.0125655e+01  -4.2265017e-01   2.3239064e+02   4.2831964e+01   3.1771803e-01   3.5364746e-03   4.9800000e+02   3.3536208e+03
   1.2977411e+01   9.7022476e+00  -1.8212358e-01   2.3230369e+02   4.3168463e+01   3.1026212e-01   3.6749203e-03   5.0500000e+02   3.3580144e+03
   1.2975249e+01   1.0138223e+01  -2.9284190e-01   2.3153798e+02   4.2649310e+01   3.0547022e-01   3.6473965e-03   5.0900000e+02   3.3675561e+03
   1.3059352e+01   1.0041175e+01  -2.8280156e-01   2.3152927e+02   4.2952047e+01   3.0200169e-01   3.7778510e-03   5.1100000e+02   3.3726553e+03
   1.2560351e+01   9.9593372e+00  -2.9431588e-01   2.3084901e+02   4.3285724e+01   2.9702004e-01   4.3468276e-03   5.2200000e+02   3.3772649e+03
   1.2692306e+01   9.7026067e+00  -2.2290281e-01   2.3181246e+02   4.3985088e+01   2.9569974e-01   4.2997431e-03   5.2600000e+02   3.3788064e+03
   1.2819311e+01   1.0115789e+01  -5.8934556e-02   2.3159085e+02   4.4465103e+01   2.9505313e-01   3.7525195e-03   5.3300000e+02   3.3828895e+03
   1.3031958e+01   9.9939375e+00  -3.1001495e-01   2.3109656e+02   4.4999590e+01   2.8831093e-01   4.7214979e-03   5.3600000e+02   3.3942721e+03
   1.2851026e+01   1.0479989e+01  -9.1834040e-02   2.3092292e+02   4.4196851e+01   2.8725701e-01   3.6954050e-03   5.4500000e+02   3.3959405e+03
   1.2945220e+01   1.0455868e+01  -2.2352300e-01   2.3123414e+02   4.5073252e+01   2.8325120e-01   4.1198560e-03   5.4900000e+02   3.4053315e+03
   1.2958584e+01   1.0196772e+01  -4.6355772e-01   2.3175209e+02   4.6059937e+01   2.8238683e-01   4.8204136e-03   5.5400000e+02   3.4100197e+03
   1.3110784e+01   1.0523771e+01  -6.5548082e-01   2.3155682e+02   4.6828400e+01   2.7729604e-01   5.1762179e-03   5.5700000e+02   3.4235469e+03
   1.3526260e+01   1.0919367e+01  -6.7297420e-01   2.3144230e+02   4.6451910e+01   2.7804190e-01   4.8804886e-03   5.6300000e+02   3.4243343e+03
   1.3507917e+01   1.1271173e+01  -3.6306039e-01   2.3081582e+02   4.5946309e+01   2.7222641e-01   4.1720127e-03   5.7200000e+02   3.4314291e+03
   1.3954833e+01   1.1281273e+01  -7.1181210e-02   2.3072017e+02   4.6644707e+01   2.6016688e-01   4.0169931e-03   5.8100000e+02   3.4506007e+03
   1.3658337e+01   1.1595052e+01  -1.7774662e-01   2.2982732e+02   4.6394810e+01   2.5969225e-01   4.2907237e-03   5.8900000e+02   3.4515954e+03
   1.3845466e+01   1.1236202e+01  -1.6565997e-01   2.3026997e+02   4.7252500e+01   2.5809037e-01   4.7028067e-03   5.9200000e+02   3.4535165e+03
   1.3804440e+01   1.1597184e+01  -4.8238711e-03   2.2997773e+02   4.6946873e+01   2.5333053e-01   4.0502362e-03   6.0900000e+02   3.4620583e+03
   1.3630616e+01   1.1978031e+01  -3.7142926e-01   2.2918254e+02   4.7865107e+01   2.5517131e-01   5.2235631e-03   6.1900000e+02   3.4619042e+03
   1.3920852e+01   1.2190742e+01  -3.9883175e-01   2.2959972e+02   4.8781226e+01   2.4477938e-01   5.3935093e-03   6.2100000e+02   3.4843922e+03
   1.4192330e+01   1.1886438e+01  -3.7135982e-03   2.2996832e+02   4.9094918e+01   2.3904311e-01   4.7125785e-03   6.2700000e+02   3.4913159e+03
   1.4303018e+01   1.2090234e+01  -1.2037367e-01   2.3042569e+02   4.9869488e+01   2.4181759e-01   4.8214645e-03   6.4300000e+02   3.4889367e+03
   1.3887644e+01   1.2172416e+01  -4.6730497e-01   2.2957188e+02   5.0030617e+01   2.3940961e-01   6.0671133e-03   6.4900000e+02   3.4960537e+03
   1.3508998e+01   1.2216111e+01  -6.5268422e-01   2.2933596e+02   5.0613696e+01   2.3884949e-01   6.5200433e-03   6.6500000e+02   3.5001243e+03
   1.3991939e+01   1.2425749e+01  -9.7724808e-01   2.3005255e+02   5.1432519e+01   2.4116635e-01   6.9729844e-03   6.7200000e+02   3.5025083e+03
   1.3657216e+01   1.2419642e+01  -9.4213081e-01   2.2945017e+02   5.1678857e+01   2.3944609e-01   7.4360205e-03   6.7400000e+02   3.5034650e+03
   1.3183531e+01   1.2238433e+01  -9.0913127e-01   2.2910372e+02   5.1883238e+01   2.3822303e-01   7.6631607e-03   6.7500000e+02   3.5044363e+03
   1.3045464e+01   1.1873354e+01  -4.9531777e-01   2.2938483e+02   5.2200786e+01   2.3050257e-01   6.7907631e-03   6.7600000e+02   3.5159909e+03
   1.3015223e+01   1.1592416e+01  -7.2609864e-02   2.2902548e+02   5.2915874e+01   2.2376609e-01   6.7470813e-03   7.2300000e+02   3.5217446e+03
   1.3153764e+01   1.1686599e+01  -7.3987351e-02   2.2916118e+02   5.2768882e+01   2.2405938e-01   6.4814944e-03   7.2800000e+02   3.5220214e+03
   1.2872883e+01   1.2069002e+01  -5.5411193e-01   2.2884471e+02   5.3300937e+01   2.2696521e-01   7.5593676e-03   7.5200000e+02   3.5240935e+03
   1.3022301e+01   1.1911722e+01  -5.6081267e-01   2.2924826e+02   5.4076542e+01   2.2550770e-01   7.9150744e-03   7.5400000e+02   3.5275199e+03
   1.3474108e+01   1.2323707e+01  -1.0939836e-01   2.2894026e+02   5.3657031e+01   2.2327427e-01   6.3110394e-03   7.9400000e+02   3.5284035e+03
   1.3685941e+01   1.1990614e+01  -1.6662118e-01   2.2920625e+02   5.4516965e+01   2.2370860e-01   6.5195754e-03   7.9800000e+02   3.5299916e+03
   1.3622493e+01   1.2427478e+01  -4.0453222e-01   2.2934574e+02   5.4236071e+01   2.2560112e-01   6.8084700e-03   8.0300000e+02   3.5291232e+03
   1.3390662e+01   1.2080399e+01  -2.7353264e-01   2.2897849e+02   5.5154295e+01   2.2151543e-01   7.5431826e-03   8.0900000e+02   3.5341522e+03
   1.3390144e+01   1.2523699e+01  -4.8376022e-01   2.2873161e+02   5.4381805e+01   2.2288458e-01   7.5389607e-03   8.2800000e+02   3.5343068e+03
   1.3643668e+01   1.2859705e+01  -7.3004387e-01   2.2880046e+02   5.4252136e+01   2.2543807e-01   7.7038825e-03   8.3000000e+02   3.5334752e+03
   1.4025349e+01   1.3093797e+01  -8.2361167e-01   2.2900882e+02   5.4534346e+01   2.2685954e-01   7.4698705e-03   8.3300000e+02   3.5346334e+03
   1.3756117e+01   1.3251751e+01  -7.6066328e-01   2.2859248e+02   5.4778956e+01   2.2656530e-01   7.2223437e-03   8.4700000e+02   3.5351017e+03
   1.4158187e+01   1.3041387e+01  -7.6110536e-01   2.2915966e+02   5.5133080e+01   2.2569825e-01   7.5950441e-03   8.4900000e+02   3.5366302e+03
   1.4106076e+01   1.3192635e+01  -1.0916035e+00   2.2922256e+02   5.5400682e+01   2.3058123e-01   7.7578628e-03   8.5800000e+02   3.5330233e+03
   1.4358410e+01   1.3587536e+01  -7.4975931e-01   2.2848427e+02   5.4778990e+01   2.2680914e-01   7.4662190e-03   8.6100000e+02   3.5346653e+03
   1.4604452e+01   1.3897325e+01  -5.0452563e-01   2.2815856e+02   5.4947640e+01   2.2388483e-01   7.1792357e-03   8.6400000e+02   3.5383102e+03
   1.4573404e+01   1.3484590e+01  -1.7580821e-01   2.2853045e+02   5.4482290e+01   2.2109181e-01   6.2681927e-03   8.6500000e+02   3.5394826e+03
   1.4876067e+01   1.3393170e+01  -3.4841633e-01   2.2902248e+02   5.4974994e+01   2.2246152e-01   6.7460178e-03   9.5400000e+02   3.5393286e+03
   1.4781762e+01   1.3331994e+01  -1.6976713e-01   2.2895262e+02   5.5881522e+01   2.2185995e-01   6.4970011e-03   9.6800000e+02   3.5389206e+03
   1.4294445e+01   1.3061017e+01  -4.0608747e-01   2.2897539e+02   5.5311692e+01   2.2258876e-01   6.8507698e-03   9.8300000e+02   3.5393890e+03
   1.4449197e+01   1.3476031e+01  -4.7290439e-01   2.2855491e+02   5.5575456e+01   2.2307706e-01   7.0646925e-03   1.0670000e+03   3.5401841e+03
   1.4393763e+01   1.3603546e+01  -4.3826314e-01   2.2832579e+02   5.6322356e+01   2.2356091e-01   7.1119871e-03   1.0820000e+03   3.5395245e+03
   1.4533769e+01   1.3988663e+01  -7.2861982e-01   2.2828651e+02   5.5548332e+01   2.2558804e-01   7.4738182e-03   1.1250000e+03   3.5393122e+03
   1.4800539e+01   1.4169919e+01  -5.1408309e-01   2.2820607e+02   5.6386868e+01   2.2396842e-01   7.4486172e-03   1.1370000e+03   3.5406059e+03
   1.5275368e+01   1.4503679e+01  -6.7398193e-01   2.2843855e+02   5.5994381e+01   2.2334696e-01   8.2284092e-03   1.1560000e+03   3.5428451e+03
   1.5334877e+01   1.4046769e+01  -4.1635021e-01   2.2875784e+02   5.6193299e+01   2.2142872e-01   7.9439494e-03   1.1790000e+03   3.5425570e+03
   1.5421017e+01   1.4485444e+01  -2.9827033e-01   2.2825928e+02   5.5398374e+01   2.1967309e-01   7.7421224e-03   1.2120000e+03   3.5439041e+03
   1.5604096e+01   1.4406880e+01  -1.3892780e-01   2.2852613e+02   5.5448666e+01   2.1911643e-01   7.3399063e-03   1.3900000e+03   3.5432509e+03
   1.5692397e+01   1.4489262e+01  -1.1712404e-01   2.2843533e+02   5.6382070e+01   2.1936663e-01   7.6893279e-03   1.3960000e+03   3.5427392e+03
   1.5751789e+01   1.4615736e+01  -5.8699405e-01   2.2871988e+02   5.7058393e+01   2.2282539e-01   8.9896621e-03   1.3970000e+03   3.5419067e+03
   1.5845964e+01   1.4708827e+01  -3.4826301e-01   2.2846516e+02   5.6964933e+01   2.2044058e-01   8.7984780e-03   1.4170000e+03   3.5429890e+03
   1.6179158e+01   1.4983993e+01  -6.0127375e-02   2.2821242e+02   5.6269557e+01   2.1901249e-01   7.4867611e-03   1.4310000e+03   3.5426624e+03
   1.6390610e+01   1.5022407e+01  -3.5538795e-02   2.2821690e+02   5.5400902e+01   2.1944131e-01   6.9948922e-03   1.4520000e+03   3.5418659e+03
   1.6412937e+01   1.5330654e+01  -8.7959062e-02   2.2790998e+02   5.5915204e+01   2.2082353e-01   7.1945072e-03   1.4670000e+03   3.5410882e+03
   1.6788220e+01   1.5534966e+01  -9.0936880e-02   2.2812918e+02   5.5070861e+01   2.1995794e-01   7.1223844e-03   1.4880000e+03   3.5426366e+03
   1.6942019e+01   1.5426792e+01  -4.7160085e-01   2.2908625e+02   5.5107364e+01   2.2020013e-01   8.9657767e-03   1.4960000e+03   3.5430527e+03
   1.6531196e+01   1.5239926e+01  -3.6424810e-01   2.2884373e+02   5.5958450e+01   2.2115133e-01   8.4989283e-03   1.5010000e+03   3.5411469e+03
   1.6156780e+01   1.4832587e+01  -2.0392982e-01   2.2859907e+02   5.5174034e+01   2.1790204e-01   7.8964549e-03   1.5120000e+03   3.5459778e+03
   1.5964215e+01   1.4652797e+01  -2.4263424e-01   2.2857534e+02   5.5587517e+01   2.1802382e-01   8.1605627e-03   1.5950000e+03   3.5461791e+03
   1.5553989e+01   1.4264558e+01  -1.6704496e-01   2.2849865e+02   5.5678416e+01   2.1852632e-01   7.6622771e-03   1.6280000e+03   3.5444759e+03
   1.5951051e+01   1.4608145e+01  -1.8189373e-01   2.2847573e+02   5.4809084e+01   2.1799975e-01   7.7862599e-03   1.7210000e+03   3.5447282e+03
   1.6389093e+01   1.4713489e+01  -4.2969984e-02   2.2888105e+02   5.5530982e+01   2.1813604e-01   7.3826628e-03   1.7940000e+03   3.5439055e+03
   1.6006508e+01   1.4820362e+01  -3.7879017e-01   2.2867910e+02   5.5595697e+01   2.1943181e-01   8.3255257e-03   1.8090000e+03   3.5448657e+03
   1.6284044e+01   1.5137126e+01  -2.4740213e-01   2.2840885e+02   5.6370693e+01   2.1928243e-01   8.3558444e-03   1.8480000e+03   3.5444492e+03
   1.6022646e+01   1.5054066e+01  -4.2500223e-01   2.2827693e+02   5.6025540e+01   2.1954188e-01   8.8083780e-03   1.9080000e+03   3.5452030e+03
   1.6276284e+01   1.4760421e+01  -6.3621512e-02   2.2859262e+02   5.5229952e+01   2.1759119e-01   7.3559385e-03   1.9740000e+03   3.5454420e+03
   1.6471616e+01   1.4937739e+01  -2.8122168e-01   2.2875635e+02   5.5467696e+01   2.1891290e-01   8.0113225e-03   2.0070000e+03   3.5461527e+03
   1.6204320e+01   1.5341013e+01  -2.3996472e-01   2.2795372e+02   5.6181864e+01   2.1984957e-01   8.1326778e-03   2.1930000e+03   3.5433071e+03
   1.6218641e+01   1.4961795e+01  -4.7187805e-01   2.2880344e+02   5.6360658e+01   2.2049432e-01   8.9306091e-03   2.2350000e+03   3.5439921e+03
   1.6480782e+01   1.4986891e+01  -5.2508780e-01   2.2908016e+02   5.5974934e+01   2.2003813e-01   9.3204781e-03   2.2400000e+03   3.5443638e+03
   1.6199328e+01   1.5266885e+01  -3.9601036e-01   2.2822140e+02   5.6289371e+01   2.1972733e-01   8.8120236e-03   2.2670000e+03   3.5448710e+03
   1.6457910e+01   1.5128677e+01  -3.9978548e-01   2.2853877e+02   5.5867305e+01   2.2022315e-01   8.4565523e-03   2.2730000e+03   3.5449998e+03
   1.6153167e+01   1.5052083e+01  -3.6270905e-01   2.2846532e+02   5.6119123e+01   2.1920939e-01   8.6347448e-03   2.2780000e+03   3.5453788e+03
   1.6294780e+01   1.4673151e+01  -3.0602771e-01   2.2904126e+02   5.5948127e+01   2.1900953e-01   8.4812794e-03   2.3030000e+03   3.5445075e+03
   1.6191369e+01   1.4934097e+01  -6.4324313e-01   2.2897746e+02   5.6135417e+01   2.2173447e-01   9.1692718e-03   2.3190000e+03   3.5434868e+03
   1.5832254e+01   1.4489842e+01  -5.2486964e-01   2.2915734e+02   5.5885489e+01   2.2327486e-01   8.0896202e-03   2.3310000e+03   3.5401842e+03
   1.6187838e+01   1.4901771e+01  -6.7353934e-01   2.2890207e+02   5.5089960e+01   2.2101975e-01   9.2658210e-03   2.3350000e+03   3.5435430e+03
   1.5883695e+01   1.4700482e+01  -1.9782423e-01   2.2823270e+02   5.5644659e+01   2.1867774e-01   8.0713486e-03   2.3540000e+03   3.5439798e+03
   1.5490787e+01   1.4452981e+01  -2.5889355e-01   2.2840706e+02   5.5258673e+01   2.1942912e-01   7.5703841e-03   2.3630000e+03   3.5439720e+03
   1.5165168e+01   1.4536193e+01  -5.6785775e-01   2.2817434e+02   5.6023032e+01   2.2297746e-01   7.9779546e-03   2.3660000e+03   3.5423008e+03
   1.5382628e+01   1.4657061e+01  -6.9174271e-01   2.2843568e+02   5.6057606e+01   2.2355163e-01   8.3146624e-03   2.4100000e+03   3.5427417e+03
   1.5532261e+01   1.4516596e+01  -2.7887495e-01   2.2821322e+02   5.6413649e+01   2.2008096e-01   8.1807413e-03   2.4140000e+03   3.5431184e+03
   1.5814697e+01   1.4885427e+01  -1.5489090e-01   2.2787827e+02   5.5956145e+01   2.1957082e-01   7.9556579e-03   2.4200000e+03   3.5416346e+03
   1.5803844e+01   1.4669554e+01  -3.8892036e-01   2.2840812e+02   5.6124904e+01   2.1946984e-01   8.8078477e-03   2.4430000e+03   3.5445888e+03
   1.6073991e+01   1.4676774e+01  -2.7633520e-01   2.2878128e+02   5.5292715e+01   2.1819246e-01   8.1685850e-03   2.4540000e+03   3.5456484e+03
   1.5697535e+01   1.4844918e+01  -4.9794443e-01   2.2827641e+02   5.5430250e+01   2.2057492e-01   8.4133759e-03   2.4560000e+03   3.5442644e+03
   1.5940049e+01   1.4414854e+01  -3.9490493e-02   2.2865080e+02   5.4950311e+01   2.1726767e-01   7.2827360e-03   2.4690000e+03   3.5445250e+03
   1.6264822e+01   1.4574171e+01  -9.1211301e-02   2.2879823e+02   5.5546142e+01   2.1807862e-01   7.4403030e-03   2.5610000e+03   3.5445067e+03
   1.5870407e+01   1.4375176e+01  -2.1135749e-01   2.2874367e+02   5.4991280e+01   2.1807176e-01   7.8295433e-03   2.5730000e+03   3.5449993e+03
   1.6174249e+01   1.4692841e+01  -4.7982965e-01   2.2902618e+02   5.4506899e+01   2.1974996e-01   8.5378798e-03   2.5820000e+03   3.5434697e+03
   1.5996537e+01   1.4981825e+01  -3.0834376e-01   2.2824541e+02   5.4954824e+01   2.1875111e-01   8.1662233e-03   2.5870000e+03   3.5447245e+03
   1.6368106e+01   1.4494180e+01  -8.6307652e-02   2.2900258e+02   5.4729718e+01   2.1815100e-01   7.2455310e-03   2.6170000e+03   3.5433590e+03
   1.6029469e+01   1.4697642e+01  -4.2276570e-02   2.2851182e+02   5.4515940e+01   2.1812364e-01   7.0554418e-03   2.7260000e+03   3.5431564e+03
   1.5865197e+01   1.4684565e+01  -3.1691374e-01   2.2862124e+02   5.4878236e+01   2.1901785e-01   7.9224314e-03   2.8520000e+03   3.5445125e+03
   1.6200140e+01   1.5080438e+01  -3.7931582e-01   2.2842055e+02   5.4758476e+01   2.1894901e-01   8.3644268e-03   2.8530000e+03   3.5449223e+03
   1.6308817e+01   1.4823378e+01  -3.2101363e-01   2.2877755e+02   5.4691486e+01   2.1850264e-01   8.2052024e-03   2.9260000e+03   3.5451862e+03
   1.5969506e+01   1.5061326e+01  -2.6531799e-01   2.2815326e+02   5.5071514e+01   2.1893727e-01   7.9548208e-03   2.9380000e+03   3.5441802e+03
   1.6101774e+01   1.4797110e+01  -2.7597489e-01   2.2866979e+02   5.5311929e+01   2.1821096e-01   8.1698643e-03   2.9390000e+03   3.5457552e+03
   1.6459459e+01   1.5045742e+01  -3.7805907e-01   2.2869802e+02   5.5479442e+01   2.1915780e-01   8.4268936e-03   2.9830000e+03   3.5460938e+03
   1.6700210e+01   1.5453417e+01  -4.1434379e-01   2.2849963e+02   5.6367244e+01   2.2057193e-01   8.6345309e-03   3.0270000e+03   3.5451826e+03
   1.6881016e+01   1.5906227e+01  -5.4794475e-01   2.2843807e+02   5.5624324e+01   2.2044904e-01   9.3587950e-03   3.0430000e+03   3.5443388e+03
   1.7332065e+01   1.6089395e+01  -4.3003466e-01   2.2853554e+02   5.6180232e+01   2.2078387e-01   9.1624072e-03   3.0640000e+03   3.5439562e+03
   1.7210562e+01   1.6358900e+01  -7.3062712e-01   2.2824169e+02   5.5615589e+01   2.2268122e-01   1.0182749e-02   3.1310000e+03   3.5419897e+03
   1.7273355e+01   1.6095415e+01  -3.3795106e-01   2.2816490e+02   5.5825956e+01   2.2162407e-01   8.4604912e-03   3.1430000e+03   3.5423760e+03
   1.7484355e+01   1.5940257e+01  -3.0035912e-01   2.2865327e+02   5.6684742e+01   2.2153375e-01   8.7105599e-03   3.1670000e+03   3.5425897e+03
   1.7195819e+01   1.5780097e+01  -3.4106732e-01   2.2871076e+02   5.6487153e+01   2.2124252e-01   8.6135605e-03   3.1870000e+03   3.5429537e+03
   1.7360934e+01   1.5635870e+01  -5.2253243e-01   2.2909031e+02   5.5539781e+01   2.2159156e-01   9.0175554e-03   3.1900000e+03   3.5430197e+03
   1.7051813e+01   1.5579627e+01  -7.3053471e-01   2.2896235e+02   5.5899674e+01   2.2278543e-01   9.7729760e-03   3.2130000e+03   3.5424110e+03
   1.7423955e+01   1.5615830e+01  -3.1814721e-01   2.2889418e+02   5.5645944e+01   2.2121447e-01   8.3645964e-03   3.2140000e+03   3.5425148e+03
   1.6949694e+01   1.5890574e+01  -4.6595252e-01   2.2829031e+02   5.6024697e+01   2.2089692e-01   8.8805766e-03   3.2600000e+03   3.5446345e+03
   1.6928423e+01   1.5782756e+01  -4.1676492e-01   2.2848037e+02   5.5143938e+01   2.1958979e-01   8.6739555e-03   3.2780000e+03   3.5450873e+03
   1.7239239e+01   1.5750521e+01  -5.3635459e-01   2.2886528e+02   5.4353492e+01   2.2121421e-01   8.9039240e-03   3.3080000e+03   3.5420963e+03
   1.6761565e+01   1.5421148e+01  -8.5401892e-02   2.2854204e+02   5.4349237e+01   2.1909245e-01   7.3155635e-03   3.3650000e+03   3.5416878e+03
   1.7232727e+01   1.5495520e+01  -1.0958877e-02   2.2869635e+02   5.4551076e+01   2.1895709e-01   6.9816835e-03   3.3970000e+03   3.5413110e+03
   1.6776840e+01   1.5585631e+01  -2.6316635e-01   2.2813333e+02   5.5007966e+01   2.2154551e-01   7.6252796e-03   3.4050000e+03   3.5412701e+03
   1.6740169e+01   1.5209799e+01  -6.3201290e-02   2.2865016e+02   5.4967462e+01   2.1834647e-01   7.2230827e-03   3.4120000e+03   3.5452665e+03
   1.6614219e+01   1.5404371e+01  -2.5852386e-01   2.2840775e+02   5.5480771e+01   2.1887096e-01   8.0055203e-03   3.4610000e+03   3.5460972e+03
   1.6945838e+01   1.5197016e+01  -2.4758796e-01   2.2891022e+02   5.5241425e+01   2.1977913e-01   7.7135871e-03   3.5480000e+03   3.5448747e+03
   1.6577693e+01   1.5401363e+01  -3.6270248e-01   2.2863455e+02   5.6166623e+01   2.2049473e-01   8.6787697e-03   3.5530000e+03   3.5426469e+03
   1.6088385e+01   1.5173176e+01  -2.0180110e-01   2.2803605e+02   5.6538068e+01   2.1986872e-01   8.1533774e-03   3.5570000e+03   3.5426426e+03
   1.6379639e+01   1.5187170e+01  -4.7076587e-01   2.2844330e+02   5.6839562e+01   2.2168166e-01   8.9168156e-03   3.5870000e+03   3.5432498e+03
   1.6535355e+01   1.5303385e+01  -7.5715172e-01   2.2885878e+02   5.6214541e+01   2.2164150e-01   1.0112882e-02   3.6270000e+03   3.5440005e+03
   1.6463265e+01   1.5106019e+01  -4.0252914e-01   2.2865291e+02   5.6683280e+01   2.2064677e-01   8.7189292e-03   3.6310000e+03   3.5445060e+03
   1.6885445e+01   1.5232554e+01  -2.0016485e-01   2.2876201e+02   5.6446690e+01   2.2068367e-01   7.7788324e-03   3.6620000e+03   3.5439952e+03
   1.6794675e+01   1.5566188e+01  -8.1391417e-02   2.2810375e+02   5.5626861e+01   2.2008438e-01   7.1902019e-03   3.7370000e+03   3.5428065e+03
   1.6728680e+01   1.5077966e+01  -4.0947474e-01   2.2906650e+02   5.5713872e+01   2.1982710e-01   8.5790605e-03   3.7700000e+03   3.5451552e+03
   1.6387159e+01   1.5239584e+01  -3.2449639e-01   2.2842889e+02   5.5412424e+01   2.1852668e-01   8.3841257e-03   3.7980000e+03   3.5461809e+03
   1.6554724e+01   1.5298787e+01  -2.5726728e-01   2.2836215e+02   5.5153987e+01   2.1924700e-01   7.8079437e-03   3.9080000e+03   3.5454603e+03
   1.6815250e+01   1.4937899e+01  -1.5020050e-01   2.2894757e+02   5.4577571e+01   2.1976206e-01   7.1719222e-03   3.9510000e+03   3.5429417e+03
   1.6906495e+01   1.4934027e+01  -1.5726156e-01   2.2924397e+02   5.5259057e+01   2.1965962e-01   7.4828524e-03   3.9590000e+03   3.5430676e+03
   1.6511267e+01   1.4848913e+01  -1.0956220e-01   2.2870667e+02   5.4271116e+01   2.1891786e-01   7.0808754e-03   3.9660000e+03   3.5426464e+03
   1.6461069e+01   1.5236376e+01  -5.1702083e-01   2.2869942e+02   5.3728400e+01   2.2088220e-01   8.5522850e-03   3.9750000e+03   3.5407718e+03
   1.6520948e+01   1.5268550e+01  -7.1301026e-01   2.2909956e+02   5.4632538e+01   2.2252517e-01   9.1632791e-03   4.0040000e+03   3.5405939e+03
   1.6487065e+01   1.5276751e+01  -4.1828127e-01   2.2836976e+02   5.4042530e+01   2.2194431e-01   8.0805980e-03   4.0220000e+03   3.5393447e+03
   1.6213629e+01   1.5618414e+01  -4.8824822e-01   2.2796854e+02   5.4196868e+01   2.2195727e-01   8.3063968e-03   4.0550000e+03   3.5395774e+03
   1.6602156e+01   1.5164618e+01  -6.9607064e-01   2.2887604e+02   5.4718807e+01   2.2326616e-01   9.2876564e-03   4.0630000e+03   3.5390431e+03
   1.6977479e+01   1.5084496e+01  -2.6563861e-01   2.2893676e+02   5.5407602e+01   2.2198672e-01   7.6272112e-03   4.0660000e+03   3.5408746e+03
   1.6840401e+01   1.5201490e+01  -4.5618894e-01   2.2920207e+02   5.5965708e+01   2.2085205e-01   8.9694387e-03   4.0700000e+03   3.5427063e+03
   1.6605366e+01   1.5264871e+01  -1.6303283e-01   2.2824443e+02   5.6439539e+01   2.2152799e-01   7.4823590e-03   4.0750000e+03   3.5419072e+03
   1.6933960e+01   1.5391406e+01  -5.4645940e-02   2.2865642e+02   5.6509659e+01   2.2078993e-01   7.4471869e-03   4.0770000e+03   3.5415786e+03
   1.6599703e+01   1.5503239e+01  -2.6977343e-01   2.2826106e+02   5.6511096e+01   2.2034703e-01   8.1923157e-03   4.0920000e+03   3.5442517e+03
   1.6736934e+01   1.5484329e+01  -4.8226438e-01   2.2870414e+02   5.6520871e+01   2.2082976e-01   9.1526489e-03   4.1050000e+03   3.5440468e+03
   1.6946702e+01   1.5624297e+01  -5.1432684e-01   2.2881847e+02   5.5709559e+01   2.2013844e-01   9.2472773e-03   4.1150000e+03   3.5446958e+03
   1.6697324e+01   1.5468065e+01  -2.8359569e-01   2.2839304e+02   5.5597347e+01   2.1931506e-01   8.0359229e-03   4.1220000e+03   3.5460495e+03
   1.6671712e+01   1.5447345e+01  -3.5968118e-01   2.2836772e+02   5.6585906e+01   2.2119800e-01   8.3880101e-03   4.1660000e+03   3.5440628e+03
   1.6566557e+01   1.5206976e+01  -2.6091311e-01   2.2870336e+02   5.5738786e+01   2.1897612e-01   8.2222503e-03   4.1710000e+03   3.5449124e+03
   1.6130163e+01   1.4770428e+01  -1.5705808e-01   2.2851987e+02   5.5616396e+01   2.1772522e-01   7.9062818e-03   4.1890000e+03   3.5462314e+03
   1.6121169e+01   1.4979580e+01  -4.6611864e-01   2.2864483e+02   5.5851758e+01   2.1973635e-01   8.7240120e-03   4.5120000e+03   3.5453549e+03
   1.6298202e+01   1.4977779e+01  -5.0536584e-01   2.2874638e+02   5.5513111e+01   2.1923528e-01   9.1341602e-03   4.5170000e+03   3.5456372e+03
   1.6336400e+01   1.5060619e+01  -5.2168953e-01   2.2870929e+02   5.5096240e+01   2.1935486e-01   9.0765974e-03   4.5310000e+03   3.5451517e+03
   1.6241393e+01   1.5026314e+01  -6.5311780e-01   2.2883336e+02   5.5200945e+01   2.2066222e-01   9.2091097e-03   4.5470000e+03   3.5444264e+03
   1.6414302e+01   1.5168708e+01  -3.3681745e-01   2.2836330e+02   5.5799280e+01   2.2025528e-01   8.1691843e-03   4.5480000e+03   3.5445168e+03
   1.6455517e+01   1.5147055e+01  -6.2004763e-01   2.2895030e+02   5.6075708e+01   2.2077476e-01   9.5150120e-03   4.5790000e+03   3.5443403e+03
   1.6164655e+01   1.5023032e+01  -3.2081321e-01   2.2843601e+02   5.6633456e+01   2.1963175e-01   8.6874882e-03   4.6340000e+03   3.5444365e+03
   1.6332293e+01   1.4830978e+01  -1.8630073e-01   2.2855664e+02   5.5832870e+01   2.1941747e-01   7.6572618e-03   4.6890000e+03   3.5445471e+03
   1.6114825e+01   1.4722737e+01  -4.0655496e-01   2.2868811e+02   5.5586850e+01   2.1925584e-01   8.7400502e-03   4.7140000e+03   3.5449267e+03
   1.5887033e+01   1.4571154e+01  -5.3923733e-01   2.2876969e+02   5.5684423e+01   2.2035892e-01   9.0391165e-03   4.7300000e+03   3.5438917e+03
   1.6138320e+01   1.4889877e+01  -2.2919916e-01   2.2854929e+02   5.4772884e+01   2.1817251e-01   7.8435069e-03   4.7340000e+03   3.5452318e+03
   1.6575662e+01   1.5159589e+01  -3.3558668e-01   2.2882479e+02   5.4901916e+01   2.1863432e-01   8.3298452e-03   4.7580000e+03   3.5452672e+03
   1.6365320e+01   1.4820925e+01  -1.0089282e-01   2.2871022e+02   5.5384979e+01   2.1778506e-01   7.5371865e-03   4.7680000e+03   3.5463831e+03
   1.6414289e+01   1.4914065e+01  -4.4648110e-01   2.2898352e+02   5.5477127e+01   2.1896639e-01   8.9157735e-03   4.7900000e+03   3.5455849e+03
   1.6572015e+01   1.5408292e+01  -4.3659342e-01   2.2839400e+02   5.5742001e+01   2.2023611e-01   8.5783725e-03   4.7910000e+03   3.5452707e+03
   1.6865518e+01   1.5065336e+01  -1.4656585e-01   2.2882838e+02   5.5353191e+01   2.1989590e-01   7.2962814e-03   4.8070000e+03   3.5437464e+03
   1.6895423e+01   1.5213680e+01  -5.3731199e-01   2.2934385e+02   5.5141312e+01   2.2084029e-01   9.1944106e-03   4.8200000e+03   3.5420292e+03
   1.6866086e+01   1.4977708e+01  -2.5997490e-01   2.2933203e+02   5.5395141e+01   2.2028454e-01   8.0142055e-03   4.8340000e+03   3.5418909e+03
   1.6438919e+01   1.4855135e+01  -1.6905196e-01   2.2876373e+02   5.5748012e+01   2.1853888e-01   7.7146548e-03   4.8360000e+03   3.5461488e+03
