   2.2906440e+01  -6.7984056e-01  -1.6919650e+00   2.6964485e+02   1.2452263e+01   3.8710129e-01   8.7050893e-04
   2.2559099e+01  -3.8029507e-01  -2.0327873e+00   2.6839809e+02   1.2203371e+01   3.9659202e-01   1.1858203e-03
   2.3818366e+01  -5.1471258e-01  -1.3877432e+00   2.6860828e+02   1.2469014e+01   3.6875336e-01   7.7263941e-04
   2.4301633e+01  -6.3612385e-01  -1.6788630e+00   2.6780026e+02   1.0643539e+01   3.8269820e-01   8.8580931e-04
   2.4034998e+01  -1.4436453e-01  -2.3544201e+00   2.6766570e+02   1.0254236e+01   3.9762323e-01   1.2469813e-03
   2.4424517e+01  -8.0099754e-01  -1.6814681e+00   2.6880859e+02   1.0862254e+01   3.8064056e-01   8.8285909e-04
   2.3991457e+01  -5.9981931e-01  -1.7777441e+00   2.6820144e+02   1.0043662e+01   3.8049193e-01   8.3845992e-04
   2.4092812e+01  -6.4671157e-01  -2.0628688e+00   2.6789810e+02   9.9338550e+00   3.8131513e-01   1.1157331e-03
   2.3607539e+01  -1.3947399e+00  -2.2092738e+00   2.6962343e+02   8.3666549e+00   3.9552570e-01   1.1043543e-03
   2.3153304e+01  -1.0747799e+00  -2.4558704e+00   2.6866614e+02   9.1430480e+00   3.9652233e-01   1.4063817e-03
   2.4271807e+01  -6.8281510e-01  -1.5299078e+00   2.6766508e+02   1.0222484e+01   3.9579438e-01   7.5545235e-04
   2.3154838e+01  -8.8457363e-01  -1.7363653e+00   2.6817862e+02   1.0431840e+01   3.8260728e-01   8.9701467e-04
   2.3503335e+01  -2.7706580e-01  -2.5893228e+00   2.6942864e+02   9.3562510e+00   4.1839182e-01   1.1523584e-03
   2.3367291e+01  -2.6789762e-01  -2.2589593e+00   2.6904483e+02   9.8489033e+00   4.0294144e-01   9.4656489e-04
   2.3219479e+01  -8.7656911e-01  -1.8529008e+00   2.6816561e+02   1.1307263e+01   3.7927840e-01   1.0966564e-03
   2.3768576e+01  -2.3627781e-01  -1.4854123e+00   2.6889727e+02   1.1662059e+01   3.9260538e-01   6.2587560e-04
   2.2480224e+01  -5.0936461e-01  -1.9247180e+00   2.6813434e+02   1.1283771e+01   3.8924999e-01   9.8072134e-04
   2.3109741e+01  -1.3094628e+00  -1.3046855e+00   2.6981822e+02   1.3658572e+01   3.7052737e-01   9.7900315e-04
   2.3743211e+01  -1.2538015e+00  -2.0996238e+00   2.7032069e+02   1.2587308e+01   3.9777774e-01   1.5256940e-03
   2.3146530e+01  -1.2458486e+00  -1.5598644e+00   2.6899457e+02   1.1969338e+01   3.7550618e-01   9.9519380e-04
   2.2861850e+01  -5.9343118e-01  -2.0017603e+00   2.7036684e+02   1.1794450e+01   4.0400128e-01   9.2797095e-04
   2.3051525e+01  -5.7175580e-01  -1.8389238e+00   2.6871176e+02   1.1026176e+01   3.8101788e-01   8.7468157e-04
   2.3607935e+01  -9.1574337e-01  -1.9594734e+00   2.6799064e+02   1.0304235e+01   3.8220022e-01   1.1204792e-03
   2.2851058e+01  -5.8849075e-01  -2.1461991e+00   2.6808712e+02   1.2072830e+01   3.9724156e-01   1.4316363e-03
   2.3447551e+01  -8.8007671e-01  -2.2524024e+00   2.6964229e+02   1.1268780e+01   3.9706298e-01   1.3099044e-03
   2.3826563e+01  -4.7139740e-01  -1.6123450e+00   2.6958000e+02   1.1744523e+01   3.9418036e-01   7.0227439e-04
   2.3000020e+01  -4.5229576e-01  -1.4977659e+00   2.6788456e+02   1.1306194e+01   3.8088678e-01   7.1307441e-04
   2.2936935e+01  -1.8617473e-01  -1.8163670e+00   2.6863883e+02   1.1090319e+01   3.9531762e-01   7.4395358e-04
   2.2114861e+01   3.9812748e-02  -1.6281306e+00   2.6898124e+02   1.2332550e+01   4.1462660e-01   6.4814041e-04
   2.3572182e+01  -8.7362977e-01  -1.6688155e+00   2.7007063e+02   1.0109328e+01   3.9544282e-01   6.5227013e-04
   2.2914994e+01  -1.2419185e+00  -2.1160705e+00   2.6966877e+02   1.2482849e+01   3.9649843e-01   1.5862539e-03
   2.3654285e+01  -1.2912246e+00  -1.8236186e+00   2.6857102e+02   1.3035986e+01   3.8396721e-01   1.6266140e-03
   2.2540274e+01  -8.7032123e-01  -2.4421216e+00   2.6962930e+02   1.0946302e+01   4.0572037e-01   1.5272767e-03
   2.2721190e+01  -1.2500960e+00  -1.2612773e+00   2.6874434e+02   1.0544872e+01   4.1374654e-01   6.4594511e-04
   2.2575456e+01  -6.9030799e-01  -1.9390915e+00   2.6834692e+02   1.1410587e+01   3.8714966e-01   1.0598934e-03
   2.3286105e+01  -1.0322664e+00  -1.4679239e+00   2.6922968e+02   1.1292724e+01   3.7532414e-01   7.5708975e-04
   2.2717168e+01  -1.0706817e-01  -2.1419164e+00   2.6776817e+02   1.1856583e+01   4.0113208e-01   1.2113807e-03
   2.2616228e+01  -6.4307575e-01  -1.7898138e+00   2.6779065e+02   1.1918917e+01   3.8673972e-01   1.0408425e-03
   2.3001169e+01  -8.9301752e-01  -2.1337743e+00   2.6801389e+02   1.0332342e+01   3.9040642e-01   1.2213825e-03
   2.2819233e+01  -1.3928889e+00  -1.9513018e+00   2.6941297e+02   1.1329139e+01   3.8330488e-01   1.2505613e-03
   2.3149889e+01  -6.3618547e-01  -1.6244295e+00   2.6886054e+02   1.0845303e+01   3.7916271e-01   7.2622024e-04
   2.2096407e+01   7.4767081e-02  -1.7367496e+00   2.6653476e+02   9.9441454e+00   4.1150118e-01   6.8020718e-04
   2.3287777e+01   1.9579713e-01  -1.8517205e+00   2.6716153e+02   1.1012004e+01   3.9279054e-01   7.9562723e-04
   2.3122575e+01  -7.3812893e-02  -1.9543565e+00   2.6806743e+02   1.1166808e+01   3.9254201e-01   8.8521637e-04
   2.4016177e+01   1.2336351e-01  -2.8165447e+00   2.6752059e+02   1.1199447e+01   4.3399153e-01   2.1550196e-03
   2.3353876e+01  -2.4645985e-01  -2.0165185e+00   2.6673186e+02   1.0779136e+01   3.8887995e-01   1.0907040e-03
   2.3306245e+01  -7.6883773e-01  -2.3342253e+00   2.6787122e+02   1.2514576e+01   4.1659256e-01   1.9696905e-03
   2.2628200e+01  -6.2495025e-01  -1.7202801e+00   2.6905903e+02   1.1221541e+01   3.8500842e-01   7.7730765e-04
   2.2748348e+01  -7.2482744e-01  -2.4049062e+00   2.7005985e+02   1.0048604e+01   4.0419028e-01   1.1730395e-03
   2.3546831e+01  -1.0850944e+00  -1.6454877e+00   2.7033635e+02   1.0754932e+01   3.8761457e-01   7.3124140e-04
   2.3096221e+01  -2.2812895e-02  -2.2305763e+00   2.6749000e+02   1.1925722e+01   4.0687525e-01   1.3109134e-03
   2.2673242e+01  -7.2821976e-01  -2.2617311e+00   2.7037959e+02   1.1637822e+01   4.1033733e-01   1.2281318e-03
   2.2668449e+01  -8.9862608e-01  -2.1733297e+00   2.6881036e+02   1.1967576e+01   3.9670249e-01   1.4993008e-03
   2.2298981e+01  -2.0316835e-01  -2.5030352e+00   2.6913659e+02   1.0836863e+01   4.1741041e-01   1.3724501e-03
   2.3111461e+01  -6.9439397e-01  -1.9323553e+00   2.6878517e+02   1.1086270e+01   3.7991622e-01   9.9948847e-04
   2.2838964e+01  -8.0738638e-01  -1.8216674e+00   2.6896955e+02   1.0464025e+01   3.8166112e-01   8.4301341e-04
   2.3368687e+01  -9.8200877e-01  -2.0498570e+00   2.6760902e+02   1.0475693e+01   3.8960664e-01   1.2958413e-03
   2.3720698e+01  -6.0666017e-01  -1.8076730e+00   2.6913444e+02   9.7577268e+00   3.8832268e-01   7.3493303e-04
   2.3388377e+01  -8.7998266e-01  -1.5441316e+00   2.6866368e+02   1.2048905e+01   3.6916465e-01   9.1337099e-04
   2.3113744e+01  -5.3674178e-01  -1.5173371e+00   2.6900090e+02   1.2679539e+01   3.7949661e-01   8.0229559e-04
   2.3326805e+01  -1.3256812e+00  -2.0345930e+00   2.6836070e+02   1.2805057e+01   3.9975387e-01   1.8927385e-03
   2.3716934e+01  -1.0830721e+00  -1.8023323e+00   2.6880032e+02   1.1214299e+01   3.7255174e-01   1.0981763e-03
   2.3104107e+01  -1.1077977e+00  -1.3823249e+00   2.6863223e+02   1.2176632e+01   3.7788015e-01   8.6936226e-04
   2.3798581e+01  -8.8583781e-01  -1.2198773e+00   2.6913954e+02   1.1334692e+01   3.8295984e-01   6.0426697e-04
   2.2779583e+01  -1.0903616e+00  -2.2373614e+00   2.7009447e+02   1.1245880e+01   3.9559416e-01   1.3309493e-03
   2.3975295e+01  -1.1148045e+00  -1.7936348e+00   2.6893096e+02   1.1418819e+01   3.7139748e-01   1.1449064e-03
   2.3968434e+01  -3.5663945e-02  -1.4378511e+00   2.6683148e+02   1.2482536e+01   3.7535721e-01   8.1820530e-04
   2.4004197e+01  -1.2745404e+00  -1.1452447e+00   2.6912425e+02   1.3816167e+01   3.7137797e-01   9.6912240e-04
   2.4066749e+01  -8.1055215e-01  -1.5676648e+00   2.7041984e+02   1.2921435e+01   3.9766694e-01   8.1647147e-04
   2.3420548e+01  -1.0389448e+00  -2.0219812e+00   2.6830446e+02   1.0496913e+01   3.8260329e-01   1.2048127e-03
   2.3776821e+01  -4.7122077e-01  -1.2202853e+00   2.6709300e+02   1.2125867e+01   3.8044719e-01   7.3646055e-04
   2.2907516e+01  -1.2309246e-01  -2.3889108e+00   2.6716975e+02   1.1021798e+01   4.0558826e-01   1.4541096e-03
   2.3167066e+01  -5.9687815e-01  -2.0393469e+00   2.6930015e+02   9.8851647e+00   3.9097094e-01   8.5130422e-04
   2.2485467e+01  -4.9398232e-01  -2.1528410e+00   2.6845178e+02   1.0108698e+01   3.9364848e-01   1.0011907e-03
   2.2831738e+01  -1.6526264e+00  -2.3767890e+00   2.7039883e+02   1.1079887e+01   3.9880837e-01   1.7635686e-03
   2.2700623e+01  -1.1913553e+00  -1.8567251e+00   2.6876238e+02   1.1153435e+01   3.8355457e-01   1.1215053e-03
   2.2359527e+01  -2.6381246e-01  -2.3169763e+00   2.6885982e+02   1.0471074e+01   4.0532789e-01   1.1150266e-03
   2.3868307e+01  -1.1062034e+00  -2.3827603e+00   2.6922480e+02   1.1132642e+01   3.9734215e-01   1.6750385e-03
   2.3085870e+01  -6.2887844e-01  -1.9923598e+00   2.6889408e+02   1.0763092e+01   3.8353116e-01   9.7038258e-04
   2.3379846e+01  -1.1947542e+00  -1.3615321e+00   2.6858587e+02   1.0350375e+01   4.0309368e-01   7.0450060e-04
   2.3378974e+01  -7.9057901e-01  -2.1577227e+00   2.6771571e+02   1.1879356e+01   3.9366111e-01   1.5909196e-03
   2.2288892e+01   3.0066952e-03  -2.0438391e+00   2.7085116e+02   9.8624506e+00   4.3277289e-01   5.8710598e-04
   2.2619127e+01  -1.2941970e+00  -2.2264208e+00   2.6933235e+02   8.7311885e+00   3.9752361e-01   1.1081229e-03
   2.1826032e+01  -1.1716125e+00  -1.9160215e+00   2.7008019e+02   1.0752168e+01   3.9097644e-01   9.7378134e-04
   2.2823435e+01  -1.3094970e+00  -2.3384973e+00   2.6943200e+02   1.0205449e+01   3.9309968e-01   1.4517295e-03
   2.2067812e+01  -3.1701275e-01  -2.4283809e+00   2.6777566e+02   1.1626819e+01   4.2086470e-01   1.6495490e-03
   2.3315896e+01   1.1737861e-01  -1.6091700e+00   2.6676435e+02   1.2346707e+01   3.8673299e-01   8.3084917e-04
   2.2282358e+01   1.0442416e-01  -1.5738349e+00   2.6626967e+02   9.8553196e+00   4.1885482e-01   5.9478809e-04
   2.3934410e+01   3.2384108e-01  -2.1584413e+00   2.6805309e+02   1.0378682e+01   4.1174442e-01   8.6737530e-04
   2.3643128e+01   4.5677847e-03  -2.0271016e+00   2.6761790e+02   1.1466618e+01   3.9154996e-01   1.0204140e-03
   2.3403869e+01  -4.7097251e-01  -1.3486055e+00   2.6835363e+02   1.0809634e+01   3.8478029e-01   5.8182797e-04
   2.2284022e+01  -1.5725924e+00  -1.7551066e+00   2.6939462e+02   1.3007695e+01   3.9114070e-01   1.5078945e-03
   2.2388978e+01  -1.1806279e+00  -1.7245493e+00   2.6912623e+02   1.2428833e+01   3.8245347e-01   1.1490296e-03
   2.3445467e+01  -9.8472935e-01  -1.5317641e+00   2.6910460e+02   1.0979011e+01   3.7531945e-01   7.7202484e-04
   2.2773050e+01  -4.0489705e-01  -1.6508547e+00   2.6894410e+02   1.0761957e+01   3.9279364e-01   6.4551396e-04
   2.3094219e+01  -6.4269930e-01  -1.5411279e+00   2.6943925e+02   1.1165906e+01   3.8647523e-01   6.5293272e-04
   2.2705921e+01  -1.1668097e+00  -1.8202238e+00   2.6979850e+02   1.2528233e+01   3.8223165e-01   1.1828304e-03
   2.4125847e+01  -7.4809968e-01  -1.4814506e+00   2.6845714e+02   1.2105050e+01   3.6961327e-01   8.8857102e-04
   2.3451941e+01  -8.7628375e-01  -1.6019401e+00   2.6824476e+02   1.0118311e+01   3.8787720e-01   7.6787048e-04
   2.3091123e+01  -2.2814447e-01  -2.7998811e+00   2.6966062e+02   1.0905637e+01   4.3569130e-01   1.8162394e-03
   2.3457053e+01  -8.9602207e-01  -1.7792308e+00   2.6767101e+02   1.0730543e+01   3.8362124e-01   1.0404006e-03
   2.3567414e+01  -2.0030552e-01  -1.7097870e+00   2.6758347e+02   9.3240640e+00   3.9318047e-01   6.5425635e-04
   2.3586928e+01  -1.5000154e-01  -2.3234428e+00   2.6841459e+02   1.0235651e+01   4.0321568e-01   1.0813636e-03
   2.3336185e+01  -1.2083527e-01  -1.5513600e+00   2.6755255e+02   1.1392580e+01   3.8178631e-01   7.0249059e-04
   2.2975127e+01  -3.2927405e-01  -2.1549636e+00   2.6822102e+02   9.8029981e+00   3.9307900e-01   9.4345083e-04
   2.2860542e+01  -9.2731079e-01  -1.6244813e+00   2.6920290e+02   9.6621455e+00   3.9312968e-01   6.6223001e-04
   2.3030592e+01  -1.0295528e+00  -1.7388923e+00   2.6831031e+02   1.2074160e+01   3.8050365e-01   1.1496282e-03
   2.3066798e+01  -3.7374433e-01  -2.1006156e+00   2.6953844e+02   1.0564002e+01   4.0167074e-01   8.7567359e-04
   2.3069622e+01  -6.5961767e-01  -1.8030222e+00   2.6865836e+02   1.0399211e+01   3.8089930e-01   8.1413970e-04
   2.2579922e+01  -4.6102302e-01  -1.9892831e+00   2.6863093e+02   1.1912048e+01   3.9232315e-01   1.0924544e-03
   2.3117360e+01  -1.2765480e+00  -2.0020157e+00   2.6985296e+02   1.2938261e+01   3.9281447e-01   1.5411285e-03
   2.3543610e+01  -4.4314181e-01  -2.0056553e+00   2.6903969e+02   1.1205697e+01   3.9048625e-01   9.6632997e-04
   2.3059082e+01  -1.0185002e+00  -2.0080105e+00   2.6844500e+02   1.2513479e+01   3.9157300e-01   1.5262956e-03
   2.3053631e+01  -6.7690299e-01  -1.3148259e+00   2.7026916e+02   1.2466758e+01   3.9435280e-01   5.8280662e-04
   2.2507516e+01  -1.4018172e+00  -1.9638827e+00   2.6986977e+02   1.2367195e+01   3.8854951e-01   1.4227524e-03
   2.3687081e+01  -1.7010245e+00  -1.8833553e+00   2.7048659e+02   1.0009513e+01   3.8488823e-01   1.0315497e-03
   2.1838254e+01  -1.2167116e+00  -1.3421157e+00   2.6953189e+02   1.0189246e+01   4.2382233e-01   5.7818242e-04
   2.2808784e+01  -1.4055278e+00  -2.3578108e+00   2.6941280e+02   1.1466069e+01   4.0329706e-01   1.8477659e-03
   2.2772599e+01  -3.1937304e-01  -2.1547123e+00   2.6908325e+02   1.1384212e+01   4.0258161e-01   1.0690772e-03
   2.3391995e+01  -3.7499044e-01  -1.6574720e+00   2.6786965e+02   1.2000512e+01   3.7411701e-01   8.9896068e-04
   2.3626590e+01   7.3825597e-02  -1.3456905e+00   2.6836598e+02   1.2643534e+01   3.9830380e-01   5.9414701e-04
   2.2326144e+01  -1.1204064e+00  -2.0132468e+00   2.6897158e+02   1.1471413e+01   3.8909184e-01   1.2641024e-03
   2.3571628e+01  -1.0833396e+00  -1.8326420e+00   2.7006527e+02   1.0753105e+01   3.8000698e-01   9.0774038e-04
   2.2710410e+01  -1.0548219e+00  -2.5286669e+00   2.6836661e+02   1.0360102e+01   4.0930490e-01   1.7807665e-03
   2.2741177e+01  -1.1417805e-01  -1.9107652e+00   2.6804757e+02   1.1529375e+01   3.9442653e-01   8.9164133e-04
   2.2849636e+01  -4.8992051e-01  -2.2284833e+00   2.6848125e+02   1.2574686e+01   4.0977756e-01   1.5516051e-03
   2.3014745e+01  -6.3930487e-01  -1.9568610e+00   2.6844576e+02   1.0982196e+01   3.8245119e-01   1.0084245e-03
   2.3403592e+01  -5.9311856e-01  -1.6893281e+00   2.6848155e+02   1.0553524e+01   3.7693433e-01   7.7382655e-04
   2.2969486e+01  -8.7397160e-01  -1.5529056e+00   2.6881329e+02   1.1504272e+01   3.7496922e-01   8.1444007e-04
   2.3156653e+01  -6.1394454e-01  -2.4317724e+00   2.7145467e+02   1.1505862e+01   4.3003567e-01   1.1986581e-03
   2.3030427e+01  -1.0336828e+00  -2.5206800e+00   2.7189127e+02   1.1045464e+01   4.2688006e-01   1.3243389e-03
   2.2203200e+01  -4.2602874e-01  -2.3699617e+00   2.7035843e+02   1.0193402e+01   4.1459516e-01   1.0216424e-03
   2.2708731e+01  -6.2763890e-01  -2.3214463e+00   2.6864609e+02   1.0836986e+01   3.9724016e-01   1.3550798e-03
   2.2428256e+01  -4.8552180e-01  -1.9444210e+00   2.6886247e+02   1.1628587e+01   3.9280153e-01   9.7557714e-04
   2.2871959e+01  -7.9999149e-01  -1.6913052e+00   2.6810732e+02   1.1467291e+01   3.8040917e-01   9.4071357e-04
   2.3813398e+01  -6.1572137e-02  -1.5792206e+00   2.6848461e+02   1.1803916e+01   3.9125033e-01   6.8725207e-04
   2.2728743e+01   1.4042956e-01  -2.0665585e+00   2.6758118e+02   1.0007191e+01   4.0324368e-01   8.0134056e-04
   2.2679544e+01  -2.8805170e-01  -2.3419771e+00   2.6903337e+02   1.2533319e+01   4.2295125e-01   1.5437457e-03
   2.2932057e+01  -1.2660079e+00  -1.8529648e+00   2.6842557e+02   1.2509651e+01   3.9008574e-01   1.4690695e-03
   2.2804411e+01  -8.4285781e-01  -2.1653597e+00   2.6995137e+02   1.1916026e+01   4.0107907e-01   1.2751772e-03
   2.3036416e+01  -5.5344485e-01  -2.0405009e+00   2.6890982e+02   1.0907749e+01   3.8718273e-01   1.0015942e-03
   2.3033691e+01  -4.1318175e-01  -1.8647420e+00   2.6714055e+02   1.0587143e+01   3.8807693e-01   9.2965293e-04
   2.3307162e+01  -7.7492625e-01  -2.0023085e+00   2.6835184e+02   1.1052462e+01   3.7915647e-01   1.1539014e-03
   2.3382185e+01  -1.3010241e+00  -1.6747711e+00   2.6955859e+02   1.3748038e+01   3.7858229e-01   1.4231103e-03
   2.2812595e+01  -1.7198138e+00  -1.7182541e+00   2.7083081e+02   1.0999887e+01   3.8326541e-01   9.4753228e-04
   2.2456759e+01  -7.2033879e-01  -1.6546044e+00   2.6944849e+02   1.2267755e+01   3.8667501e-01   8.3681764e-04
   2.3280090e+01  -9.3142351e-01  -1.3422638e+00   2.6894425e+02   1.3324814e+01   3.6737769e-01   9.1874288e-04
   2.3515514e+01  -1.2566479e+00  -2.1861475e+00   2.7067083e+02   1.3034047e+01   4.1361139e-01   1.6713399e-03
   2.2747435e+01  -1.2418698e+00  -2.2000472e+00   2.7087892e+02   1.0421383e+01   3.9347135e-01   1.1140201e-03
   2.3152283e+01  -4.5716366e-01  -2.1646740e+00   2.6852839e+02   9.5901822e+00   3.9076870e-01   9.5002447e-04
   2.3300716e+01  -1.1478878e+00  -1.8905026e+00   2.6891902e+02   1.1371028e+01   3.7629426e-01   1.1830581e-03
   2.2795000e+01  -1.2029090e+00  -2.6234471e+00   2.6982501e+02   1.0563972e+01   4.1205318e-01   1.8541190e-03
   2.3414005e+01  -3.8373715e-01  -2.2235416e+00   2.6954211e+02   1.1008682e+01   4.0753560e-01   1.0359882e-03
   2.2721472e+01  -9.2716907e-01  -1.4353401e+00   2.6852866e+02   1.1202374e+01   3.8611166e-01   7.3258184e-04
   2.3191795e+01  -3.4712243e-02  -1.5627773e+00   2.6696049e+02   1.2277685e+01   3.8496454e-01   8.0966410e-04
   2.3981114e+01  -2.8246313e-02  -1.7165435e+00   2.6642213e+02   1.2149495e+01   3.7916174e-01   1.0412998e-03
   2.3415508e+01  -6.1992609e-01  -2.0069102e+00   2.6919401e+02   1.1589179e+01   3.8780964e-01   1.0664484e-03
   2.3557200e+01  -1.0202090e+00  -2.7101294e+00   2.6865249e+02   9.7822886e+00   4.1059465e-01   1.8684205e-03
   2.3771976e+01  -5.1000427e-01  -2.1778460e+00   2.6869255e+02   1.1955272e+01   3.9802703e-01   1.3413734e-03
   2.3449452e+01  -5.2868856e-01  -2.0585861e+00   2.6871573e+02   1.1871678e+01   3.9023173e-01   1.1785792e-03
   2.3397575e+01  -6.7546095e-01  -2.6565375e+00   2.6805996e+02   1.0592271e+01   4.1706420e-01   1.8614461e-03
   2.3318021e+01  -8.5549361e-01  -1.6747477e+00   2.6931080e+02   1.0673220e+01   3.7713729e-01   7.7853128e-04
   2.2416546e+01  -1.1428546e+00  -1.8112412e+00   2.6856218e+02   1.0162608e+01   3.9388708e-01   9.4719261e-04
   2.2863611e+01  -3.1807200e-01  -2.1933119e+00   2.6859151e+02   1.0362594e+01   3.9611107e-01   1.0134274e-03
   2.2643009e+01  -9.2574862e-01  -2.1905448e+00   2.6951766e+02   1.0488910e+01   3.9021344e-01   1.1486497e-03
   2.3051302e+01  -1.8415728e+00  -1.7337457e+00   2.6961460e+02   1.2378936e+01   3.8724947e-01   1.4614239e-03
   2.2862180e+01  -1.1105901e+00  -1.3027061e+00   2.6972330e+02   1.2268234e+01   3.7734185e-01   7.1849442e-04
   2.2617612e+01  -7.1201591e-01  -1.8659791e+00   2.6974887e+02   1.0734850e+01   3.9148754e-01   7.8940595e-04
   2.2575679e+01  -8.2593018e-01  -1.3316838e+00   2.6821617e+02   1.2965450e+01   3.8046538e-01   8.5553936e-04
   2.3108736e+01  -6.7872193e-01  -1.2071685e+00   2.6839215e+02   1.2798735e+01   3.7344484e-01   7.1476151e-04
   2.3202326e+01  -1.1511401e+00  -1.6586067e+00   2.6911288e+02   1.1198580e+01   3.7468138e-01   9.2980140e-04
   2.3573523e+01  -1.5318057e+00  -1.6971977e+00   2.7051463e+02   1.0711090e+01   3.8191718e-01   8.9257479e-04
   2.3879482e+01  -1.2620283e+00  -2.1574441e+00   2.6866694e+02   1.1980909e+01   3.8914250e-01   1.8147255e-03
   2.2423197e+01  -1.2349254e+00  -1.9703839e+00   2.6931847e+02   1.1915187e+01   3.8805951e-01   1.3107605e-03
   2.1754758e+01  -1.4659717e+00  -2.1359423e+00   2.6966560e+02   9.8192755e+00   3.9923294e-01   1.2223420e-03
   2.2485819e+01  -1.2210790e+00  -1.7461663e+00   2.6938121e+02   8.9548289e+00   4.0802349e-01   7.2244694e-04
   2.2651638e+01  -6.2579504e-01  -1.6863062e+00   2.7107930e+02   1.1578037e+01   4.0700528e-01   6.2440505e-04
   2.2494911e+01  -1.3719929e+00  -1.7821995e+00   2.7089979e+02   1.1581265e+01   3.8488852e-01   9.3897453e-04
   2.3322956e+01  -9.8331346e-01  -2.1087503e+00   2.6814810e+02   9.4399052e+00   3.9011290e-01   1.1248395e-03
   2.3471992e+01  -2.3519130e-01  -2.5920346e+00   2.6861187e+02   9.6997402e+00   4.1334528e-01   1.2959835e-03
   2.2781635e+01   3.8079911e-01  -1.7597749e+00   2.6827128e+02   1.1147507e+01   4.2027176e-01   5.9932397e-04
   2.3311602e+01   3.1436476e-01  -1.6971693e+00   2.6768704e+02   1.3746344e+01   4.0825433e-01   9.2240641e-04
   2.2358130e+01  -6.5773681e-01  -1.9872561e+00   2.6861308e+02   1.0808081e+01   3.8881609e-01   9.8297535e-04
   2.2503545e+01  -1.0966033e+00  -1.5868085e+00   2.6819550e+02   1.0851091e+01   3.9531292e-01   8.7959864e-04
   2.1885575e+01  -9.5143154e-01  -2.0425188e+00   2.7042933e+02   1.1595162e+01   4.0147393e-01   1.0702749e-03
   2.2123488e+01  -2.4017894e-01  -1.7838045e+00   2.6912047e+02   1.1346337e+01   4.0444736e-01   7.1151930e-04
   2.2812840e+01  -9.6551449e-01  -1.3515434e+00   2.6819078e+02   1.0803112e+01   3.9940089e-01   6.8632976e-04
   2.2636247e+01  -3.3351039e-01  -1.5989995e+00   2.6740819e+02   9.8377351e+00   4.0193293e-01   6.3679549e-04
   2.3175282e+01   9.9131558e-02  -1.7483613e+00   2.6825347e+02   1.1344268e+01   4.0142871e-01   6.8834997e-04
   2.3503458e+01  -3.5319158e-01  -2.1469538e+00   2.6938618e+02   1.0648836e+01   4.0230584e-01   9.3666053e-04
   2.3414833e+01  -8.3309588e-01  -1.4874107e+00   2.6877708e+02   1.1771390e+01   3.6978921e-01   8.1339495e-04
   2.3095245e+01   6.2770683e-02  -1.8126132e+00   2.6915335e+02   1.0288533e+01   4.1680340e-01   5.7979689e-04
   2.3064303e+01  -5.7898505e-01  -1.8744865e+00   2.6936184e+02   9.1867770e+00   3.9858716e-01   6.6882598e-04
   2.2623199e+01  -7.2687248e-01  -2.1172662e+00   2.6932680e+02   1.1042891e+01   3.9175975e-01   1.1040759e-03
   2.2279091e+01  -1.0348439e+00  -2.1035814e+00   2.7094070e+02   1.1623785e+01   4.0066528e-01   1.1204385e-03
   2.2478405e+01  -6.3664771e-01  -2.0309318e+00   2.7038094e+02   1.1926433e+01   4.0544161e-01   9.8832741e-04
   2.3154656e+01  -1.8971146e-01  -1.9150810e+00   2.6847879e+02   1.1484166e+01   3.9171617e-01   8.9132610e-04
   2.3074863e+01  -1.9153715e-01  -1.7110269e+00   2.6922292e+02   1.0318907e+01   4.0718091e-01   5.7875267e-04
   2.3574072e+01  -1.4320958e+00  -1.4838913e+00   2.6964651e+02   1.3101079e+01   3.6852671e-01   1.1510197e-03
   2.3794980e+01  -3.8958529e-01  -1.9948926e+00   2.6915885e+02   1.2821192e+01   4.0280316e-01   1.1911847e-03
